0.7954177
0.8390062
-0.05428443
-0.03396869
-0.016109
-0.008540368
-0.002533056
0.009175975
0.642529
0.8908911
0.07199574
0.008133569
0.009333092
0.01344057
-0.0230982
-0.02164921
0.008767524
1.025645
-0.006483221
-0.003763461
0.1085441
0.01527495
-0.001901568
0.003395236
0.03036242
-0.03498862
0.01000992
0.03969178
0.01559737
0.01062451
-0.003391798
0.05029884
0.1239906
1.096065
1.095767
0.4449266
0.04489752
-0.003421871
0.02341478
0.0367632
0.06601668
9.279422e-05
-0.01074796
-0.01074796
-0.00473277
0.795595
1.021309
0.9618174
0.6212594
0.09825654
0.09093255
0.1143525
0.03970129
0.02214227
-0.007393507
0.01913253
-0.006041109
0.03964897
-0.02992246
-0.01862467
-0.01857564
-0.01857564
0.05370864
0.04473029
-0.01100255
-0.02504513
0.02712662
0.02712662
0.04238433
-0.05274143
-0.07738527
-0.03034402
0.0153237
0.01594722
0.01602018
0.004486428
0.0006255061
-0.0213562
0.1447673
0.01662518
0.007999362
-0.001291704
-0.001291704
0.02586423
0.03701601
-0.009186783
-0.001256265
-0.006926409
-0.006019207
0.3868011
0.3866497
1.018919
-0.009705106
0.03442333
0.05116583
0.0498767
0.05107466
0.009469883
-0.007856499
-0.05642763
-0.02760592
-0.02745657
0.007987959
-0.01391259
-0.05892492
0.895824
0.9404502
0.9826969
0.9803038
0.9646678
0.9919047
0.02861936
-0.004520275
0.000416284
0.002710453
0.0209899
0.04896369
0.1473417
0.06347705
0.04356718
0.03936585
0.004110624
-0.02274034
0.0624442
0.09704928
0.1225344
0.9274432
0.4148935
0.6880916
0.2691912
0.006132186
0.05073569
0.02962947
0.03373439
0.04035084
0.02039095
0.01292413
0.01292413
0.0143227
0.01483283
0.009087545
-0.0588446
0.04776203
-0.0101447
0.05395381
0.06384564
0.07531445
0.05964837
0.09733468
0.07404907
0.03843469
0.009088204
0.009088204
0.01989051
0.0104965
0.04018581
0.04344135
0.02401085
0.01146483
0.01775221
0.01808005
0.01828605
0.02152516
0.02505369
0.02874611
0.01320745
0.003250921
0.0164937
0.02670326
0.02670326
0.03540763
0.003179759
0.015601
0.04263134
0.06298786
0.06298786
0.05826652
0.07406595
0.06605298
0.03403655
0.009046662
-0.03085337
-0.04074713
-0.04074713
-0.08593633
-0.08593633
-0.06411799
-0.03747192
-0.08196957
-0.09620617
0.04593053
0.02101101
0.9667729
0.9558973
0.9981654
0.4368239
0.5620374
0.0006591937
-0.03808793
-0.007191074
-0.007678972
-0.01250897
-0.02417792
0.02688229
0.02702211
0.002832394
0.04463232
0.1117151
0.07878147
0.03242896
0.06424117
0.03943514
0.3091202
0.05761352
-0.001346821
0.02257139
0.01739404
0.01348173
0.04397781
0.04280957
0.008937801
-0.03106818
-0.006312972
0.1450248
0.8219021
0.740484
-0.1073399
-0.06344577
-0.002235243
0.01530741
-0.008510078
-0.002568409
-0.004893064
0.01185973
0.01185973
0.001872411
0.03195406
0.08528409
0.1037662
0.1037662
0.04414858
0.06674717
0.04765416
0.05483186
0.1237202
0.1057607
0.03300514
-0.003903199
-0.00297202
-0.02101684
-0.008175114
-0.03189189
0.01241186
-0.004779302
-0.005636441
-0.03843384
0.030623
0.030623
-0.0151124
-0.006319644
-0.006319644
0.04238012
0.0188068
0.008370623
0.01537471
0.008370623
0.000851593
0.01704995
0.02779835
0.08549355
0.08549355
0.1189317
0.09082143
0.1189317
0.2416067
0.2784562
0.2295772
0.1771229
-0.05559259
-0.05559259
-0.05005114
-0.05005114
-0.05559259
-0.05559259
-0.05559259
-0.05559259
-0.05978882
-0.05978882
-0.05978882
-0.04110286
-0.04110286
-0.04110286
-0.05978882
-0.05978882
-0.05559259
-0.05559259
-0.05559259
-0.05559259
-0.05559259
-0.05005114
-0.05005114
-0.04195975
-0.07116547
0.8827083
0.7482531
0.8167816
0.771517
-0.05413838
-0.04039395
-0.03583755
-0.04422525
-0.03125476
-0.02656928
0.9565968
0.8242422
0.9074394
0.9187834
0.8271261
0.8034297
0.674547
0.3505299
0.1614025
0.5480112
0.7282195
0.7623842
0.577687
0.9261257
0.9908262
0.9874712
0.7679448
0.7679448
0.7582429
0.7582429
0.115244
0.1258713
0.08087798
0.0908554
-0.04262892
-0.03601948
-0.007468336
0.01673939
0.01549462
0.01120316
-0.0213703
-0.0213703
0.6623769
0.974144
0.8793712
1.088775
1.08194
0.04945185
0.002959936
0.001914923
0.003058904
0.01351761
0.02890825
0.01271429
0.006731122
0.006731122
-0.0001751393
0.8158891
0.7579482
0.03416946
0.008021063
-0.01723448
-0.04924406
0.04468898
-0.02650029
-0.01011178
-0.009645417
-0.022039
-0.022039
0.06533111
0.01455328
0.03899609
-0.008454839
-0.008454839
-0.006711188
0.03951014
0.01975765
0.1538271
0.6620375
0.6618593
0.6307412
1.028525
1.028525
-0.01683333
-0.02900195
0.009147326
0.01389403
0.01774275
0.01751963
0.002946207
-0.03770439
0.07364838
-0.006797358
-0.006797358
0.08301605
0.04379973
0.7882658
0.08677265
0.04297244
0.03117895
0.03117895
0.01517779
0.05665157
0.02243937
0.05555128
0.1157949
0.04148279
0.01188771
0.0001682797
0.01517297
0.003836672
-0.001434072
0.02078816
0.03140864
0.01596778
0.01596778
0.05353468
0.02173428
0.02173428
0.001381902
0.05218904
0.01704995
0.03559897
0.006288914
0.005607165
0.008149822
0.05061786
0.09275938
0.07209609
0.2003329
0.006469291
0.05923978
0.03185167
0.07466051
0.06327639
0.1019467
0.03701411
0.07057421
0.0396488
0.01114074
0.002414816
-0.0007041769
0.01493505
0.04129193
0.01305256
-0.01367329
-0.02341187
-0.01635683
-0.06448863
-0.04527835
-0.0734971
-0.0003834981
0.004980885
0.04571203
0.04571203
0.003505866
0.006582366
0.02040618
0.009155789
0.006954884
0.01471176
-0.005609298
-0.005609298
-0.04092441
0.0275204
0.02185653
-0.0006209779
-0.02604986
-0.03224437
0.005701793
0.0818146
0.1526776
0.1310016
0.01334234
0.02814013
0.03237104
0.01992469
0.01846173
0.01829585
0.01118813
0.006172815
-0.01296604
-0.01296604
-0.1169333
-0.009563431
-0.009093663
-0.01258824
-0.0537569
-0.0537569
-0.1051373
0.02397091
0.02829546
0.06984918
0.09005293
0.06019207
0.00300768
0.004733241
0.0203615
0.01856025
0.04346377
0.03134274
0.03134274
0.04626072
-0.0007100359
-0.0008652171
-0.0007100359
0.01546051
0.0130323
0.020968
0.01532625
0.03213928
0.04720155
0.00930069
-0.03890648
-0.04934993
0.001997069
-0.006100016
-0.01044176
-0.1627351
-0.01989043
-0.01989043
-0.0954056
-0.02114526
-0.02114526
-0.02135661
-0.1711143
-0.05712063
-0.0722685
0.8000527
0.07807883
-0.004004853
-0.01513763
0.04181427
0.01164492
-0.004342832
-0.01104557
-0.0496641
-0.02172151
0.07777641
0.002095615
0.004589926
0.01199834
0.002082371
-0.01443946
-0.08367292
-0.03646584
-0.05666434
0.02333984
0.02964986
0.03468628
-0.004697652
-0.004697652
0.001362276
0.06401517
0.1571485
0.02569623
0.9528182
0.9175705
0.02415479
-0.06444198
-0.07513131
-0.07582764
0.006721682
0.06635749
0.02417179
0.03518512
0.03078826
0.07435984
0.1460227
0.142728
0.1234689
0.1234689
0.1187906
0.09639277
0.06543688
0.02728549
0.01399692
0.005274742
0.002710607
0.9943203
0.1370623
-0.01159939
-0.007395482
-0.007979114
-0.00759771
0.002983621
0.1416102
1.011806
0.4490954
0.3879529
0.03514105
-0.01303818
-0.01115067
-0.01321724
-0.06387424
-0.03764389
-0.053268
0.7596004
0.8552117
0.007070965
-0.00531981
-0.007921712
0.0006245861
0.0006245861
-0.0144739
-0.0008275341
-0.02863535
0.05050704
0.0639361
-0.01606861
-0.002461684
0.01621628
0.03020012
0.01952038
0.01397878
-0.001853036
0.0124628
-0.007572628
-0.01956343
-0.06906001
-0.07291685
-0.05851715
0.6839394
0.7763582
0.8462805
0.9098094
0.8121371
0.9793833
1.02932
1.02932
0.5019341
0.215773
0.9450897
0.7704071
0.5338809
0.7846003
0.9909474
0.3459094
-0.02824318
0.006556126
0.001140445
0.001140445
0.008435398
0.006965137
0.00559878
0.01322799
0.02096168
0.004470084
0.01143581
0.1867497
-0.009288179
-0.0445851
-0.0445851
0.02864474
0.2189519
0.06277975
0.5576455
0.01209909
0.01209909
0.004586861
0.01704649
0.04233621
0.01556277
0.004565313
0.0213982
-0.03231016
-0.03128528
-0.04613644
0.8373748
0.8816275
1.027268
0.9041226
0.3922088
0.9008096
1.039714
1.125899
-0.04084069
-0.04084069
-0.04084069
0.01963764
0.0237096
0.4346274
0.1749976
-0.01308628
-0.07472448
-0.09553789
-0.05170861
-0.0556208
0.1018821
-0.003467901
0.03650831
0.05389246
0.03171805
-0.01081282
-0.02559646
0.9168828
0.9543142
0.9927106
0.9685247
0.9146095
0.9879159
0.8618
0.04228187
0.08745572
0.09039296
0.02176316
0.001793032
0.01032935
0.07311452
0.070925
0.4524438
-0.0004639582
-0.01138697
0.002660095
0.008438982
0.01585075
0.01324365
0.01422083
0.02256777
0.01641977
0.01641977
0.008627533
0.02289359
0.01464027
-0.05632397
-0.02529883
-0.03530625
0.1031259
-0.004366676
-0.004366676
0.002100154
0.002100154
0.002100154
0.001863744
0.7520332
1.002474
0.9936985
0.9989004
0.9978945
0.812326
0.8712389
0.9117838
0.01586144
0.03121447
0.07123067
-0.01018941
0.003048889
0.01324511
0.04198043
0.03259596
-0.00227905
-0.0009735763
-0.005207517
-0.01558307
-0.04019808
0.03458479
0.02935225
0.9650916
0.8702482
0.8770055
-0.01251659
-0.001167743
0.0003528392
0.01315566
0.02407403
0.03362998
0.02527106
0.01886546
0.01673939
0.9883814
0.9911416
0.02704582
-0.04204515
-0.03633176
-0.001336261
-0.003062621
-0.002163911
-0.002163911
0.005353043
-0.01414166
-0.02873519
-0.04725295
-0.03632222
0.9351948
0.7019446
0.8871288
0.947759
0.947754
0.8842633
0.756612
0.756612
-0.09902072
-0.06006362
-0.1015208
0.05892064
0.4804134
0.1148363
0.2708441
-0.0159373
-0.0159373
-0.07565966
0.1415627
0.0427608
-0.1068623
-0.09635644
-0.08656586
-0.06188934
0.02072628
0.008532676
0.6962339
0.00312883
-0.01620723
-0.009451912
-0.03487647
-0.03487647
0.015601
0.1289899
0.1196069
0.1463582
0.04860464
-0.02667431
0.1731405
0.7549117
0.0001731921
0.3407479
0.002017826
0.0005185828
0.02677361
0.06779248
0.02763324
0.04710065
-0.03960206
0.009021311
0.03534334
0.01777256
0.04204559
0.04204559
0.01534174
0.01534174
-0.01279311
0.01815704
0.01815704
0.01135589
0.01385745
0.01521909
0.01060857
0.01060857
0.01060857
-0.004822299
-0.004822299
-0.01437522
-0.01846412
-0.1042623
-0.05941296
-0.007208632
-0.008171944
-0.008171944
-0.0005031462
0.2807457
0.01503555
0.9275593
0.2585929
0.5430319
0.0006520772
0.04361946
0.02390487
0.02117528
0.09832602
0.07364982
0.143258
0.9542425
0.4143805
0.1733763
0.07901827
-0.1246186
-0.01972255
0.1686582
0.1686582
0.1649942
0.1649942
0.1281123
0.09344825
-0.08981356
0.8109499
0.8144944
0.8712131
0.907941
0.02153567
0.00960418
-0.07664007
-0.04961906
-0.04014082
-0.02147584
0.04372466
0.07162961
-0.01208304
-0.07861056
-0.01805791
0.03946132
0.008915106
0.003258536
0.04775833
0.05495189
0.02290733
0.02290733
0.03297439
0.06458724
-0.02711772
-0.02391566
-0.02534764
0.002100569
-0.08894756
-0.08894756
-0.02440808
-0.002470418
0.001632759
-0.0977282
0.03193976
0.05496529
0.02712677
0.08443457
0.1102504
0.006213091
-0.04508658
-0.0724958
0.5031475
0.5031475
0.8668983
0.890294
0.5450146
0.7212394
0.8354031
0.8584171
0.8596871
0.1050295
0.8114867
0.6548121
-0.001938796
0.0004436811
0.005386164
0.001702213
0.001702213
-0.003161533
0.04584458
0.04912792
0.03395658
-0.01192419
0.007012905
0.8768829
0.8280161
0.60111
0.0008311991
0.05146485
0.05534033
-0.04451041
-0.03649491
-0.03649491
0.03861
0.05966918
0.04279306
0.2765605
0.2765605
0.6651767
0.6651767
0.7710924
0.7013837
-0.005740878
-0.002524402
0.02070414
0.03651169
0.04710697
0.07141536
0.006929361
-0.0159276
-0.05986191
0.02642187
0.009040813
-0.008572775
-0.01562698
-0.01642793
-0.02736447
-0.00881786
-0.00881786
0.05144126
0.938115
0.9508811
0.001463043
-0.005019833
0.003853268
0.02939314
0.01566427
0.01327543
-0.007524911
-0.02991959
-0.009375797
0.005577242
0.06245561
0.01490441
0.07353882
0.07223333
0.02001414
0.07119547
0.8646101
0.6788657
-0.0337567
0.1061006
0.05966918
-0.009821771
0.04728043
0.01468094
-0.08074036
-0.07185748
-0.09308663
-0.005981541
0.06882562
0.001934379
0.007507151
0.007507151
0.07948431
0.09698
0.009364591
0.009364591
0.01035521
0.0080525
0.01152171
0.02689411
0.02707602
-0.05634999
-0.04030359
-0.0004420776
-0.0177116
-0.01529675
0.2686502
0.4318275
0.7947247
1.021864
0.005145372
0.1037483
0.005053151
0.004090907
0.004090907
-0.0008572543
-0.007516022
-0.023421
1.026635
1.002867
1.026635
0.8935026
-0.01800122
-0.02818536
-0.02037493
-0.03263778
-0.0159015
-0.05435528
-0.004957026
0.05869604
0.09220402
0.07394715
-0.01276264
0.01344739
0.01260387
0.006465388
0.009397145
-0.05980705
-0.08715478
-0.01236122
-0.06340887
-0.07103292
-0.0476686
-0.01302073
-0.0890424
-0.05309021
-0.006688872
-0.002251621
-0.003636045
-0.006454106
0.02656858
0.02656858
0.004032035
0.03144231
0.03144231
0.06724491
0.1246647
0.05659131
0.0367632
0.02250491
0.01867782
0.003081995
0.006443506
0.006443506
0.02462324
0.02760957
0.1803026
0.7425169
0.00281152
0.02335402
0.05271137
0.05930177
0.05763686
0.05763686
0.0270501
0.0105726
0.05555128
0.05555128
0.1021367
0.06678924
0.02839743
0.01661742
0.01174508
-0.02363272
0.01825759
0.04598225
0.0504589
0.05128863
0.04914227
0.01968549
0.02351942
0.01333985
0.01671205
0.02347289
0.01176304
-0.003700934
-0.0157873
-0.0157873
-0.008787268
-0.02459405
-0.005282973
0.004880841
0.2617478
0.6430803
0.2617478
0.0887918
0.9328717
0.02889951
-0.0558089
-0.02403676
0.06247112
0.007835677
0.00645052
0.00158194
0.006360724
0.01769534
0.01769534
0.01498318
0.02458782
0.02106775
0.03134371
0.03134371
0.03129629
0.03746763
-0.04278105
-0.04411064
0.001613309
0.02389104
0.02768794
0.02985318
0.05474309
0.05926849
0.005764181
0.005764181
0.03447076
0.03447076
0.03806381
0.02562832
-0.0004704284
0.07490137
0.728591
0.09897104
0.09897104
0.03013399
0.09381169
0.08650141
0.08650141
0.0626862
0.6455004
0.4934836
0.9467556
0.9963144
0.882354
0.9139014
0.7689784
0.6338597
-0.0479417
0.01663996
0.03610496
0.03401289
0.02621652
0.006275438
0.006275438
0.01164966
0.04148279
0.03489369
0.04571203
0.0296323
-0.03464101
0.6304537
0.136837
0.5925925
0.9759597
0.5278863
0.09897104
0.03894139
0.006626519
0.009224343
0.003658969
-0.03390978
-0.08185714
-0.09427901
0.07037357
0.03973705
0.8424133
-0.08151195
-0.01709696
0.0619497
0.1285227
0.01530177
-0.04950728
-0.07525737
-0.06738907
-0.0388978
-0.0388978
0.04732745
0.1423337
0.1925692
0.1448951
0.07941873
-0.08350104
-0.006303047
0.01468094
0.1253634
0.07854422
0.02519476
0.02017443
0.01212081
0.00977664
0.01449249
0.01380119
-0.006090513
0.2333978
0.03193198
0.004586861
0.08281394
-0.008053563
0.01138473
0.01370716
-0.00965468
-0.05260501
0.00104583
-0.005135663
-0.04911128
-0.0217427
-0.0217427
-0.002730634
-0.05283658
-0.05128087
-0.04725313
-0.02833257
0.03341506
0.03341506
0.03341506
0.04891546
0.03959128
0.02612292
0.02746754
0.02170702
0.02170702
-0.02873519
0.9546851
0.9809191
0.9359144
0.8497889
0.9855798
0.8628314
0.8628314
0.4509258
0.1935287
-0.02025893
0.009600267
0.001744955
-5.027706e-05
-0.02377924
-0.01083168
0.003985097
0.02740236
-0.03121445
-0.001744338
0.001413743
-0.01041293
0.1021328
0.1264608
0.08602124
0.08602124
0.06466655
0.03500484
0.03500484
0.05286133
0.07767525
0.07163783
0.0715968
-0.02686583
-0.06529113
-0.03534023
0.01575533
0.02350472
0.01246936
0.002740092
-0.04607987
0.8682951
0.9739087
0.9748062
0.9519905
0.977477
-0.02426869
0.008257065
-0.02020111
-0.002167253
-0.003417783
0.02070576
0.7776913
0.6823153
0.6313735
-0.0467991
-0.0444765
-0.04579036
-0.04963794
-0.04727537
-0.0129446
0.1275247
0.01769406
0.04515201
0.03569379
0.05490152
0.6632376
1.001131
0.9955366
1.004055
1.0044
-0.01348782
0.04489752
0.01021943
0.004435741
0.02570394
-0.003320304
-0.08969683
-0.03522655
-0.07782734
0.02063956
0.04270235
0.03958677
0.02338051
-0.04913967
0.2663049
0.00404399
0.01111414
0.3689328
0.1167174
-0.002316314
-0.02799484
0.04783358
0.06068293
0.06722306
0.07063963
0.0601078
-0.009451912
0.01164966
0.00661034
0.04775833
0.05169031
0.04181284
0.02602827
0.022043
0.05175503
0.02377196
0.02841363
-0.02135661
0.008179829
0.01707436
0.01707436
0.03206449
0.002219425
0.03281727
0.02092266
0.01210225
0.01210225
0.06413358
0.05485998
0.02719636
0.007489956
0.01312192
0.04444044
0.9614285
1.041219
0.9710536
0.965927
0.8047299
0.2092455
0.5128358
0.5829595
-0.0485589
-0.02134477
0.01677919
0.01677919
0.02548448
0.01828453
0.04776356
0.01728874
0.05891669
-0.05898587
0.01490874
-0.02240869
-0.04369454
-0.04369454
-0.02031773
-0.01093037
0.07037855
0.3534403
0.3005505
-0.07295571
-0.08375158
0.001551838
-0.0003136607
0.01955124
0.02857998
0.02857998
0.04083251
0.02488936
-0.007317965
0.02266414
0.02266414
0.8282145
0.1016429
-0.06608143
0.6811305
0.8380225
0.1811847
0.7363919
0.9621532
0.9933882
0.9487973
-0.04386946
-0.04386946
-0.01951617
0.01925654
0.01208369
0.003641159
0.1250007
0.1852089
0.1543958
0.02315954
-0.02622694
0.06003054
-0.01226975
-0.01003535
0.1444907
-0.0281821
-0.03721234
-0.04330366
-0.01265132
-0.01497947
-0.009789648
-0.004101989
-0.004260751
0.003993953
0.001202533
-0.00580338
-0.01050375
-0.02159835
-0.02101684
0.02428344
0.03195406
0.02560093
0.02826158
0.005220802
0.01063797
-0.04779725
-0.04779725
-0.03626309
-0.02817529
-0.02739076
0.06055332
0.04893913
0.0606202
0.04611679
0.1369407
-0.05057709
-0.07563918
-0.06548011
-0.02786208
-0.03405924
-0.01844796
-0.09223832
-0.09556734
-0.05583435
-0.1075542
-0.08979085
-0.01626406
0.5984676
0.3588414
0.02491731
0.01207095
0.02160967
0.05448277
-0.02918869
-0.0376854
0.006417187
0.02553664
0.04397781
0.03484507
0.04049955
0.02980124
-0.01053749
0.06657823
-0.03064815
-0.009905431
0.2843019
0.008681775
0.0177728
0.01482648
0.01721996
0.003163435
0.003163435
-0.01639861
0.04627904
0.01408574
-0.06634836
-0.03025792
0.0006079988
-0.01164812
0.0108678
0.04457319
0.07113249
0.2524442
0.4137424
0.09891246
0.07474052
0.01409367
0.02900387
0.1085648
0.3690579
0.8691316
0.4233673
0.7859429
0.8753791
0.4074402
0.1212346
0.01781734
-0.02062136
-0.02595898
-0.0245125
-0.02745409
-0.0245125
0.5410081
0.008270901
0.4524309
0.217746
0.4520117
0.7000085
0.4756707
0.7372011
0.5119744
0.02084139
-0.02841564
-0.04403701
-0.02175903
-0.03420832
0.0005976207
-0.0406535
0.07966175
0.06260086
0.03502608
-0.04755681
0.2253264
0.437103
0.8736848
0.9475793
0.9680793
0.9922874
0.7704071
0.166147
0.3600859
0.1220609
0.07021243
0.04238875
0.003473083
-0.03310257
-0.03419843
-0.03416597
-0.04466257
0.01120771
-0.01080313
-0.001846186
-0.006854732
0.002646798
0.004044006
0.04032132
0.03416946
-0.01723448
-0.02588482
0.05194849
-0.01897826
0.4794967
0.7775598
0.9707045
0.0114681
-0.01602204
-0.008008642
-0.01602204
0.03258976
0.02461274
0.02461274
0.02564002
0.02564002
-0.03262428
-0.002604872
-0.01539977
-0.03068978
0.201313
0.4045729
-0.03134408
-0.02246548
-0.01002088
0.05555482
0.009575354
-0.0005487598
0.01333932
0.0183868
0.0183868
0.0183868
0.9039021
0.01671577
0.4528135
0.2007131
0.02498158
0.02498158
0.03022681
-0.01017984
0.001369107
0.001145184
0.01020882
0.01020882
0.03577027
0.07309159
0.05072507
-0.006746578
-0.006746578
-0.05370294
0.03885042
0.01217812
0.01437365
0.01437365
0.02864925
0.6824307
0.227242
0.2049328
0.01378061
0.03485058
0.02854181
0.02854181
0.2662841
0.3318738
0.426844
0.8435281
0.2609147
0.04791054
-0.02033955
0.02674173
0.3502755
0.2123933
0.8855769
0.8612703
0.7283729
0.1857489
0.4623646
0.4817709
0.2470968
-0.002765937
-0.02251592
-0.0005034775
0.01533319
0.01549573
0.01930577
0.01210324
0.01187676
0.01051753
-0.02584536
-0.06091359
-0.06091359
-0.02326044
0.001521582
0.007289774
0.01232664
0.01252984
0.01280442
0.01810064
0.02303681
0.02143069
0.01829541
0.01582988
0.005458631
0.003119808
-0.005950178
0.03121305
-0.03397986
0.001814012
0.05496979
0.02550054
0.03179204
0.1491187
0.1710663
0.1710663
0.1680565
0.126718
0.1112104
0.08025254
0.1883945
0.9817064
0.859773
-0.03646584
0.01487027
0.03110054
0.03506223
0.03506223
0.03342588
-0.00382557
0.05187202
0.006788042
0.09495036
0.1514674
0.01675682
0.01675682
0.003074193
0.0450581
0.03579701
0.005484466
0.02089871
0.01947953
0.00121012
0.01443383
0.01485851
0.01485851
0.02629746
0.03248204
0.0485008
0.0485008
0.04236014
0.05726207
0.05839009
-0.0008736731
-0.02617495
0.185327
0.1131693
0.08499584
0.08804925
0.5873427
0.7543702
0.9773039
0.9919523
0.9798409
0.5650266
-0.09378912
-0.09019675
0.09347513
0.1189684
0.1189684
0.1090917
0.06775241
0.02933052
0.2768235
0.001383633
-0.01011178
0.01578711
0.01210225
0.004655916
0.01153297
0.1944828
0.2487344
0.426844
0.5972663
0.0431995
-0.0003560304
0.03049064
0.07812695
0.04287212
0.02246926
0.02134566
0.01279351
0.2035117
0.1719062
0.2035117
0.02985318
0.02811506
0.0555298
0.07465656
-0.02145493
-0.00721477
-0.02882056
0.001084562
0.03242475
0.02462996
0.03101372
0.01659814
0.0328784
0.04234743
-0.04290111
-0.06632815
-0.01922706
-0.01460722
0.3586739
0.3586739
0.0007923123
-0.0002138558
-0.0002138558
0.005341701
-0.01098026
0.007925995
-0.01809025
-0.009947981
0.01043208
0.009896081
-0.01808321
1.016964
1.000202
-0.02703925
0.02524341
0.07656649
0.1167498
0.2107766
0.2185349
0.2185349
0.1447526
0.07946156
-0.02184674
-0.003642389
-0.008561766
0.0994639
0.06051082
0.05908206
0.03138632
0.02191008
0.01474685
-0.006871137
-0.02193907
-0.02581623
-0.02187008
0.1486556
0.1768499
0.02766832
0.05216377
0.02383344
0.03231847
0.5158083
0.8238122
0.7260592
0.9774102
0.8060708
0.9194911
0.7606754
0.6015721
0.8416812
0.05377513
-0.006907358
-0.007524911
-0.04595935
-0.04456341
-0.0252453
-0.04826953
0.07165268
0.09777363
-0.01682289
-0.1744078
0.6156939
0.6802183
0.8806921
0.6802183
0.5706952
0.7763582
0.6404739
0.7259443
0.1872553
-0.02500476
-0.02500476
-0.04436258
0.03739585
0.127556
0.2423938
0.1355142
0.2360491
0.1856921
0.02507605
-0.0153935
-0.03555939
-0.01315691
0.0324946
0.08084993
0.01396474
0.00870883
0.004801164
0.006092749
0.01677536
0.02056889
0.01730853
0.004909915
-0.009975177
-0.01747944
0.02796883
0.0592836
0.05669236
0.1062409
0.02737345
0.7059699
0.9667413
0.8506711
0.3603148
0.07172213
0.06934382
0.06963777
0.08073484
0.7025475
0.9636324
0.9875163
0.9965504
0.9965504
0.1932107
-0.004914046
-0.01114701
-0.01734565
-0.01447355
-0.02123818
-0.04971347
-0.0598881
-0.03843256
-0.008225977
0.9968764
1.001438
1.009133
1.009133
0.9416871
0.5215201
0.2477203
0.3055182
0.2084553
0.2084553
-0.05384854
-0.01273759
0.01476523
-0.07749782
-0.09195782
-0.1083155
-0.1433144
0.9066403
0.893348
0.894942
0.894942
0.9106339
0.9465393
0.07364924
-0.09401289
-0.008409134
0.003507787
0.07365083
0.1960002
0.1220803
0.1447526
0.05822897
0.08425837
0.01989388
-0.07815338
-0.07360024
0.2283537
0.01836194
-0.01215673
0.003952241
0.005978599
-0.001047719
-0.00793444
-0.002208209
-0.03918895
0.04784924
0.05369546
0.6172188
0.8189387
0.6652465
0.2570638
-0.01610757
0.03414586
0.03994355
0.04357884
0.03032328
0.02395165
0.02395165
0.1639239
0.06917463
-0.004467964
-0.01458656
-0.01713338
0.009350486
0.009350486
0.009350486
0.01222325
0.006655552
0.05231585
0.1487633
0.04583027
0.06983467
0.05918824
-0.1063197
-0.09974953
-0.04515249
-0.0282448
0.03245836
0.06314311
-0.005871662
-0.03468446
-0.04361475
-0.05232916
-0.03301776
0.0234796
0.05898044
-0.04779725
-0.04655928
-0.05152908
-0.014226
-0.006746578
-0.004296524
0.03275964
-0.01151027
-0.03120438
0.01649628
0.001926186
0.001926186
-0.02300294
0.0662704
0.102653
-0.08995298
-0.08995298
-0.04990192
0.1225344
0.2967248
-0.01507845
0.01372935
0.006104736
0.005565218
-0.006503774
-0.01026585
0.01756081
-0.006695353
0.914809
0.9553731
0.9230071
1.013249
0.8944175
0.6257883
0.3453624
0.06304779
-0.05460001
0.06483044
0.03263803
0.02465317
0.05567369
0.00885304
0.01564703
0.01564703
-0.05448631
-0.04032694
-0.0003834981
-0.0003353081
0.002770134
0.1098352
0.06220673
0.03885755
-0.09894232
-0.09894232
-0.09685377
-0.006717432
-0.006717432
0.04715828
0.02662257
-0.03464101
0.05011151
0.1917138
0.1690918
0.2256918
0.1253613
0.1032966
0.1032966
0.01803066
-0.03156693
-0.03156693
0.01945351
0.02026798
-0.03609193
-0.03609193
-0.04788637
-0.004779302
-0.0004736214
-0.06110208
-0.08741789
-0.03971997
-0.05191122
-0.04853317
-0.008486691
0.007933435
0.02503704
0.05340235
0.1089861
0.05908195
0.0299552
-0.03089489
0.08239495
-0.07675239
-0.1033745
-0.09176536
-0.1006294
-0.1027375
-0.03470535
0.8414327
-0.0542274
-0.05631517
-0.01233188
0.0007955644
0.003904781
0.02321989
0.1916905
0.009682287
0.007560083
0.9544651
0.01413309
0.07196186
0.1280139
0.1020935
0.06498218
0.08753439
0.04082958
0.01592014
-0.01617559
-0.05383953
-0.09401289
-0.06938584
-0.05255242
-0.01497063
-0.03765255
0.1640902
0.14592
0.14592
0.7112221
0.5906762
0.1282309
0.07865208
0.319018
0.851953
0.9775938
0.9775938
1.012857
1.113605
0.182859
0.01026184
0.00652787
0.008508665
0.06696517
0.08363472
0.06931804
0.109348
0.09369293
0.1558482
0.06382634
0.008179829
-0.02424712
-0.06456196
-0.1371974
-0.06632815
0.002643935
-0.002601047
0.009077441
0.01011219
0.01437214
0.007035816
0.004547648
0.05731747
0.1276524
-0.0460693
-0.02716295
-0.01272429
0.01739076
0.01761369
0.008288879
-0.003905095
-0.03578082
-0.05539545
0.3628956
0.03303625
0.7514481
0.03497208
0.05778447
0.009474117
-0.001073843
0.1173273
0.110568
0.03279248
0.008694001
0.048918
-0.01103962
1.004414
1.03055
0.9135461
0.7786749
0.1664608
0.0328207
0.08820155
0.09235757
0.2023248
0.05548716
0.5377738
0.5377738
0.03304807
0.04993886
0.08462455
-0.02571152
-0.03350511
-0.06107255
-0.001696779
0.003806145
-0.00158744
-0.08621724
0.09946403
0.05843473
0.04833461
-0.01362305
0.8692661
0.60111
0.8360315
0.3887803
0.3887803
0.3887803
0.3887803
0.6652903
0.7214357
0.7214357
0.2302825
0.5714249
0.9911705
0.6953746
0.687395
0.866204
0.485113
0.6398288
0.6398288
0.8528805
0.8334814
0.161967
-0.00887115
-0.06939035
-0.07532562
-0.04050629
-0.02665784
0.004102079
-0.01612447
0.01262463
0.01933381
0.01687207
0.001601009
-0.005056753
0.01488785
0.03569674
-0.004565047
0.00202108
-0.002505094
0.01127826
-0.0168215
0.0105052
0.01887861
0.01573894
0.0266347
0.02602937
0.01081825
0.004070724
0.003619031
0.0014937
0.004435741
-0.0002221236
-0.01482098
-0.01384823
0.008178659
-0.002288356
-0.0186078
-0.02210162
-0.01714473
-0.03361113
-0.03361113
-0.007047572
0.07926449
0.0841916
0.1510797
-0.005788157
-0.02015831
-0.007494073
-0.009134884
-0.01023522
-0.03351265
-0.03351265
-0.03351265
-0.03115021
0.06498166
-0.01431353
0.009118326
0.77102
0.8176814
0.4540605
0.2043615
0.8410419
0.8410419
0.4171853
0.02415479
-0.03051932
-0.003789374
-0.00655503
-0.05556977
0.05792466
0.02621105
0.01282488
0.01261699
0.01271931
0.01415347
-0.005108145
-0.003970559
-0.07587582
0.2394081
-0.0331428
-0.02704626
0.08408722
0.8298227
0.9255633
0.5616828
0.5616828
0.01121742
0.02421401
0.04193
0.1225697
0.0398305
0.006451002
0.001446504
-0.02880948
-0.03853935
-0.07445367
-0.04621213
-0.004775545
0.02257494
0.01904925
0.0148627
0.01233075
0.01455171
-0.003328464
0.4155794
-0.002652563
0.01569243
0.03995979
0.02622432
0.03688866
0.03336625
0.01413556
-0.02810666
-0.05428443
-0.05428443
0.03469067
0.03469067
0.04234743
0.03317502
0.03317502
-0.05395855
0.9236351
0.1753311
0.01243641
-0.002022632
0.004084967
0.004084967
0.043215
0.04843252
0.02359961
0.002667697
0.003612961
0.003284851
0.04912352
0.8573799
-0.005479066
-0.006331328
0.03246908
-0.000814276
0.00027114
0.003572256
0.01559701
0.02173428
0.03946132
0.008915106
-0.0376854
-0.02188496
-0.02188496
0.0416454
0.02833288
0.02342246
0.3166761
-0.01788323
-0.05065956
-0.05065956
-0.02139147
-0.02008579
-0.000906007
0.08405602
-0.0425099
0.05081341
0.4111861
0.0317443
0.00598099
-0.01117929
0.009304397
-0.006303047
-0.009410492
-0.09726018
0.1575445
0.9375182
0.0916936
-0.004329871
-0.02128136
-0.0168215
0.004925328
0.01844351
0.003418132
0.003418132
0.003418132
0.003418132
-0.05951799
-0.06006362
-0.05135858
-0.09902072
-0.09902072
-0.09902072
-0.08265711
0.003955181
-0.03910554
-0.01549245
-0.01549245
-0.01384129
0.01312915
0.5151923
0.002290706
-0.02390958
-0.004002388
-0.03071674
0.006363458
0.01467229
-0.01484641
0.01018763
0.008888739
0.01698695
0.01079121
0.01852071
0.01985504
0.01985504
0.01731246
0.01453628
0.03885755
-0.03140536
-0.02595898
0.9205238
0.9205238
0.9998348
0.8763353
0.9160845
0.9012433
0.8863712
0.4176875
-0.0112041
0.01670828
0.1302421
-0.03704884
-0.01175428
-0.01307033
0.007260531
0.003077165
-0.003012994
0.6266079
0.1544166
0.1544166
0.9916203
0.5161525
0.5161525
0.7597666
0.9561046
0.8642176
0.009462073
0.01904798
0.01333695
0.02412479
0.01978117
0.01409012
0.002846719
0.003068179
0.002410946
0.0006596668
0.1938989
0.1186345
0.04063683
0.105718
0.03202065
0.02479833
-0.03445116
-0.03627291
0.01691571
0.3576413
0.8783406
0.7083571
0.2235383
0.9482386
0.960305
0.9527952
0.9483639
0.9561662
0.954342
0.9291214
0.422247
0.4033694
0.6076755
0.301802
0.8841772
0.8234759
0.06964023
0.07761501
0.08487295
0.2405305
0.6076507
-0.04939247
-0.1204936
-0.01704935
0.6213108
0.6213108
0.6213108
0.9459927
0.9779723
0.3307863
0.003133537
0.006958367
0.007282296
0.009076724
0.007280007
0.005801261
-0.01304779
0.01125804
0.05240456
0.01425429
5.830207e-05
-0.0003206457
-0.02758043
-0.0252418
1.011539
0.9035747
0.8679523
-0.03318232
-0.03481192
0.0144604
-0.0002927761
0.00822981
0.01401649
0.0003258242
-0.02123818
-0.0342377
-0.0657721
0.05987401
0.04131305
0.03456218
-0.0006962867
0.9312531
0.04879328
0.04879328
0.3685676
0.2085974
0.04095344
0.03481453
0.009946843
-0.001662185
-0.0008533451
0.01637988
0.01637988
0.01637988
0.04244281
0.04244281
-0.03159517
-0.03496432
0.002305023
0.03003595
0.03076931
0.03076931
0.05901729
0.03164536
-0.000738318
-0.006816745
0.01565696
-0.0115668
-0.008679726
0.03545576
0.1517168
1.00327
0.919317
0.9250346
0.8244756
0.002550958
0.04810434
0.04810434
0.04810434
0.002199724
0.004718031
0.004718031
0.004718031
0.02500722
0.02710764
0.02990926
0.03315202
0.03315202
-0.006903262
-0.009511913
0.01489143
-0.004695435
-0.03928097
0.01574385
0.03839494
0.002996709
-0.01387445
0.2728741
0.2703009
0.4794794
0.04268016
0.2963119
0.4125735
1.000018
0.934514
0.9892542
1.031634
0.986314
0.7109687
0.9753659
1.0031
1.0031
0.6728798
-0.003974525
-0.00224305
0.005184494
0.021505
0.01894163
0.01877485
-0.01328995
0.004915098
-0.01769332
-0.04041285
-0.002333442
0.1508169
0.2292088
0.1805074
0.1582075
0.1175041
-0.01284367
0.9825595
0.9739171
-0.01212809
-0.01339174
0.01582437
0.1057579
0.129668
0.1022479
-0.1226236
-0.1226236
-0.09091116
0.009949047
0.009949047
0.08623686
0.04879718
0.03589848
0.0639361
-0.09378912
0.007238043
0.8442655
0.444049
0.2329868
1.017944
1.021754
1.031193
0.6290767
0.6652011
0.7927938
0.3879918
0.189695
-0.01100283
-0.01266109
-0.0221091
-0.04911782
-0.03967756
0.02483106
-0.01629721
-0.01629721
0.003125369
0.03235252
0.04670383
0.01651826
0.01676426
0.001657931
0.1188865
0.001987592
0.01037928
0.03549786
0.008065123
-0.05191086
-0.05191086
0.3217621
0.6313735
0.9496908
0.9850866
0.9849844
0.9787977
0.9602867
0.9555702
1.000755
0.95383
1.000204
0.9047599
0.9284916
0.9743919
0.01373872
0.005582937
0.06364751
0.02026218
-0.02439026
-0.01783428
1.076872
1.076872
0.9906056
0.9663666
-0.03496637
-0.03130258
-0.03266899
0.0134598
0.02543651
0.01381003
-0.01758849
-0.02265084
-0.02310224
-0.1735722
-0.1048527
0.01177733
0.2146152
0.8763353
0.9308259
0.8495662
1.069651
0.9529065
0.002727954
0.002727954
0.09801311
0.04719055
0.00719825
0.7309268
0.9946962
1.012694
1.021857
1.03398
1.026359
0.9930515
1.013761
1.000705
0.9384717
0.9384717
0.8155134
0.5092613
0.1886513
0.07259953
0.07259953
0.03998683
0.05648072
-0.005604237
-0.01037903
-0.00941027
-0.04098693
-0.02486547
-0.0315654
0.8378335
0.2614641
0.5069379
0.0662704
0.1954203
0.3730212
0.5514646
0.1494141
-0.0448299
-0.0448299
0.04703258
0.06286921
0.06478066
0.4029212
0.7379578
0.8463296
0.948034
-0.03183941
-0.005111599
0.02093746
0.08436794
0.1120106
0.09015937
-0.02818138
0.02302636
0.0003739268
-0.02188496
-0.01127951
-0.003119245
-0.007011367
0.02222677
0.07971412
-0.005770728
-0.003891959
0.01272456
-0.02019226
0.003396029
-0.01892474
0.08601494
0.1318983
0.1318983
-0.03755665
-0.03755665
0.002095615
0.000332625
-0.002625135
-0.005084916
-0.07441862
0.8847069
0.8847069
-0.02778665
-0.03194806
-0.06988992
-0.02941777
-0.05110782
-0.05598829
-0.1510476
-0.1430661
-0.007300889
0.4047554
0.1156867
-0.0446878
0.8360315
0.8712873
0.8753756
-0.05505701
0.01891416
0.5555627
0.04838073
0.01003385
0.01441979
-0.004706341
-0.03226168
0.01441979
0.1296613
0.1296613
0.1513024
0.02340708
0.02673584
0.07497379
0.06148306
-0.0368965
-0.02602282
0.1095263
0.5737906
0.7943381
-0.0253167
-0.04241805
-0.03128528
-0.03128528
-0.03327026
-0.02070538
-0.02070538
0.002296522
0.002296522
-0.008299007
-0.01846412
-0.02128136
0.227606
0.6572569
0.6501471
0.8790132
0.9274565
0.9719174
1.087894
1.052727
0.5071482
0.06008397
0.3875076
0.5240539
0.03076826
0.03076826
0.03492803
0.05277453
-0.01885921
-0.02015831
-0.01922706
-0.06236008
-0.01821886
-0.009236107
0.1428422
0.006793671
-0.07146598
-0.05660163
-0.08500837
-0.1083155
-0.06141895
0.02977467
0.07538302
0.5953473
0.5953473
0.2500961
0.5624075
-0.004209026
0.001731772
-0.004456008
-0.02713384
-0.02713384
-0.04080027
0.07913286
0.03448319
0.05203678
0.08585477
0.06812095
0.04124762
-0.0429515
0.004978268
0.004978268
0.002159076
-0.006577563
-0.003302817
-0.01349028
-0.03395629
-0.03395629
0.001148585
0.03839494
0.01880276
0.004314427
0.01614669
0.0007675339
0.009674272
0.008766465
0.005106847
0.0152197
0.08088867
0.08088867
0.04117824
0.04065665
0.04877118
-0.009062976
-0.009774521
-0.06052783
-0.04228809
0.02513246
0.02234418
-0.03990185
-0.01483222
0.04516519
0.02163571
0.006131454
0.0008663019
0.01260931
-0.01369065
-0.005775378
-0.005775378
-0.03680289
-0.02456279
-0.01158926
0.02743457
-0.01587846
0.7115933
0.5235212
0.5235212
-0.06548425
-0.03841983
0.376124
-0.03226168
-0.002311616
0.0171521
-0.00992708
-0.009188964
-0.06405402
-0.008357936
0.02669486
0.07428044
0.5389865
0.180247
0.2681683
0.0291968
0.009042246
-0.02015252
-0.0113928
0.3523946
0.3523946
0.3523946
0.5424525
0.7675702
0.0004151274
0.8043641
0.6431139
-0.1158637
-0.02517314
0.01112629
0.01186135
0.01307349
0.01357693
-0.04953044
-0.009387041
-0.03263289
-0.01203015
0.9385753
0.798366
0.5671255
-0.004019855
0.0002276963
-0.003600477
-0.003600477
-0.0402598
-0.07263987
-0.04713536
0.04642287
0.08425152
0.0364693
-0.00847561
0.06034966
0.4413835
0.8927098
0.004600682
-0.001563857
0.01612613
0.003845033
0.01343318
0.01562232
0.008819815
-0.001417848
-0.02564797
0.0110085
0.9308889
0.8963676
0.946096
0.9486181
0.9184881
0.8311134
0.3092229
0.5958329
0.2905379
-0.05746066
-0.06562791
-0.03226168
0.2613819
-0.007606943
0.003287459
0.002376738
0.002804445
0.006310086
0.005754606
0.7738031
1.087899
0.9948035
-0.01243611
0.002188589
0.0201927
0.09015937
0.1120106
0.09015937
-0.01025379
-0.01049569
-0.006004558
-0.1178584
-0.1006294
-0.106126
-0.1059866
-0.04127064
-0.02690245
0.008036995
0.01992202
0.01612377
0.01015421
0.00183945
0.0009776795
0.001100335
0.03354121
0.03354121
0.01187476
-0.004950154
-0.0177116
0.189695
-0.01877556
0.007673722
0.06853112
0.6315943
0.0008598154
0.005527276
-0.003572765
0.003665265
0.03482553
0.03463199
0.2555951
0.2085974
0.9201367
0.9201367
0.8430694
0.1635643
0.276866
0.8287633
-0.01645876
-0.02913815
0.0297809
0.02534663
0.02534663
0.02293991
-0.02062863
0.01104613
0.01104613
0.002771204
0.03857824
0.01952228
0.005111294
-0.008534609
-0.008534609
-0.007560375
-0.02887682
-0.02887682
0.08876778
0.03198004
1.044237
1.044237
0.3924416
0.002259073
-0.01827728
-0.01354015
-0.03050603
-0.01768958
0.08039278
0.0671978
0.04118922
0.05967715
0.05967715
0.05850907
0.1190173
0.5237722
0.5136023
0.8763353
0.9308259
1.029249
1.123381
0.9978973
0.9796253
0.9796253
1.008171
0.9849069
0.003887174
-0.001221518
-0.04168804
0.0414571
-0.1039298
-0.09589954
-0.1039298
-0.06427629
-0.01317928
0.001172736
0.001505137
0.03195251
0.02283281
0.01038762
0.07655005
-0.03555766
-0.08500837
-0.08118551
-0.08500837
-0.1070498
0.2825001
-0.01393508
-0.0007148814
-0.01424164
-0.03685739
-0.03856786
-0.03856786
0.7474764
-0.04969037
-0.04969037
-0.04969037
-0.04194025
0.01736922
0.01736922
-0.04602959
0.02389776
0.03995979
0.02898547
-0.09635644
-0.08354243
-0.08656586
-0.02739615
0.005607165
0.008149822
0.342556
-0.001466515
0.01751963
0.01663152
0.01663152
0.008804407
0.04073459
0.0419452
0.003641367
0.9124224
0.9639269
0.9124224
0.9124224
0.006013523
0.07554524
0.07554524
0.1085671
-0.02550884
-0.02538901
-0.01822227
-0.05981486
0.0208398
4.597514e-05
-0.01185496
-0.01627577
-0.01457187
0.02901076
0.03388714
0.02378039
0.02378039
0.001453208
-0.03214535
-0.03730295
-0.0523816
-0.05864164
0.05659443
-0.0686243
0.01279919
0.03756906
0.01214695
0.01214695
-0.003568156
-0.003568156
-0.03720319
0.04542424
-0.03177445
-0.01189857
0.9350588
0.9350588
0.9057622
0.3294826
-0.08969947
-0.01179153
-0.01179153
0.00121012
0.00121012
-0.01111904
-0.0131367
0.1448788
-0.01497063
0.004164537
0.07748588
0.06315086
0.07185729
0.2066482
0.117466
0.08957957
0.08957957
0.03063424
-0.07512882
0.08831423
-0.03030843
0.01059572
-0.01167984
-0.06321176
-0.07394117
-0.04590665
-0.06732358
-0.1071206
-0.06791648
0.04027104
0.5949013
-0.05549318
0.04440633
0.04752329
0.005754606
0.001739103
-0.02398606
-0.0113948
-0.0113948
-0.05390749
-0.08134632
-0.06902878
-0.03789002
0.9388118
0.8665287
0.9643201
0.9604465
0.2035272
0.09245585
0.008370623
-0.00145559
0.01075622
0.0360687
0.008752357
0.2644628
0.4502626
0.08386231
0.2700601
0.1372762
-0.04286896
-0.04286896
0.01002863
-0.02062863
-0.03251228
-0.03587073
-0.05361496
-0.01836331
0.2392103
-0.02607091
-0.003555963
0.002742113
0.001090744
0.001090744
0.001718937
-0.0332636
0.7437706
0.0204216
-0.02036217
-0.02036217
-0.01783428
-0.0237523
-0.05450122
-0.05450122
-0.06353335
-0.09225137
-0.1048677
-0.09545114
0.007403767
0.829035
0.02304145
0.09556323
0.09544321
0.1899625
0.1242392
0.06165615
0.0571351
0.08388273
0.02975748
0.1156867
-0.008732136
-0.03920969
-0.02894305
-0.01793366
-0.0453432
-0.04043385
0.8979375
0.934941
0.01793393
0.03419389
0.03419389
0.09369487
-0.00348348
0.03608226
0.02511632
0.009132361
0.0002414946
0.01363685
0.03481387
0.018009
-0.09466588
-0.1014247
-0.02203101
-0.02612188
-0.03327602
-0.03790773
0.1514652
0.02378637
0.08015324
0.0443248
0.01583567
0.01356537
-0.01364574
-0.0542274
-0.05668949
0.7946983
-0.08257771
0.09058644
0.0675235
0.05080381
0.05080381
0.006717514
-0.03953824
0.9183094
0.4824993
0.4824993
-0.02816286
-0.03079032
-0.04369918
0.008531654
0.0115775
0.01053885
-0.001250253
0.001602518
0.01800536
0.1315209
0.01409618
-0.03581375
0.241289
0.0006449775
-0.001438976
-0.007650015
0.001234709
0.004483141
0.0006847694
0.1803026
0.1953925
0.2305812
0.08318037
0.007666176
0.03307962
-0.03555766
-0.009410492
0.01535562
0.02288434
0.02773961
0.008107364
0.02692665
0.009514646
-0.02090178
0.0467218
0.02178096
0.04507298
0.06046926
0.06899422
-0.03183312
-0.003885167
-0.003885167
-0.04228825
-0.005006072
0.008837227
0.004755308
0.004755308
0.03305035
0.03525139
0.01997934
-0.01126684
-0.02305115
-0.01098418
-0.0352904
-0.1008837
-0.09635644
-0.09601306
-0.09601306
0.02078676
0.02078676
0.8228611
-0.05320381
-0.03901197
0.09638739
-0.02798438
-0.03071674
0.002730617
0.02056889
0.03679357
0.05853299
0.02207409
-0.0005928598
-0.06702064
0.3476896
0.9456842
0.06133102
-0.004689941
-0.02051882
-0.003527216
-0.0007128438
0.02170915
0.001546702
0.01756087
0.05139305
0.07404907
0.04374933
0.04138176
0.04270081
0.04747338
0.01160301
0.01598347
-0.008666887
-0.008561766
-0.01802725
0.7343127
0.02695624
0.04517243
0.1493074
0.177107
0.03442769
0.009200383
0.01104613
0.002771204
-0.004934565
0.02262951
0.0007840679
-0.008893007
-0.0138665
-0.014549
0.001989174
0.004932254
0.6368047
-0.02820905
0.01990514
-0.05464026
-0.07481263
-0.07045048
-0.0638399
-0.05669841
-0.05918591
-0.01229338
0.003219916
0.2117655
0.0192723
0.5158083
0.5158083
0.5158083
0.7284674
0.5844738
0.7367962
0.6673944
0.9369878
0.9605125
0.9206438
0.9001052
-0.02634522
0.01868172
0.01590765
0.01620068
0.02722062
0.06214195
0.05603061
0.01468094
-0.02245128
-0.001886317
0.01315639
0.02368422
0.04460803
0.03949175
0.07309159
0.08071708
0.07866385
0.07866385
0.9855514
0.9455707
0.006824375
-0.04153839
0.0296323
0.01845418
0.01517297
0.03016054
0.01273695
0.01155608
0.007451586
0.008305043
-0.03438584
0.4623646
0.4793761
0.5566817
-0.01631565
0.05937793
0.05937793
-0.01866813
0.002726469
0.1040363
0.8544036
0.9584437
0.8971565
0.7636519
0.7636519
0.8401923
-0.09017248
-0.07515412
0.001537109
0.3782232
-0.05980555
-0.08130839
0.7734521
0.9618732
0.2730854
-0.03647133
-0.0002331146
-0.000267308
0.03354121
0.04602945
0.01619605
-0.06163547
-0.08948386
-0.0619742
-0.03448519
0.05152406
0.0485691
0.1036794
0.2964599
1.060732
0.975527
0.975527
-0.02815131
-0.04083374
-0.03839518
-0.05360387
-0.02948815
0.01080313
-0.0009170258
-0.03635917
-0.03211621
0.03275964
0.05818497
0.3593616
-0.0155373
-0.00965468
0.001613095
-0.02263163
-0.02163952
-0.004760272
0.01968011
0.140211
0.1648253
0.1254689
0.1421024
0.09884148
0.03332649
0.05748856
-0.03349649
-0.03349649
-0.02966236
-0.023134
-0.0001153593
-0.02107606
0.05950914
0.02695258
0.02695258
0.7481613
0.9519633
0.9731271
0.06903147
0.1170944
0.03937705
0.01947671
0.01532033
0.01483242
-0.004348337
0.1800818
0.4850664
0.9859418
0.9704415
1.003411
0.02341478
-0.007932575
0.04043858
0.03365442
0.03365442
0.0368493
0.02534279
0.0186308
-0.07389527
0.7759481
0.09840219
-0.00929216
-0.009488333
-0.0131367
0.0002211856
0.0004022492
-0.0332636
0.7479922
0.008372372
-0.00836627
-0.00836627
-0.01178929
-0.05662671
-0.02942292
0.6226291
0.6256497
0.9764475
0.6433424
0.5199483
0.3915736
-0.02772096
-0.01596262
0.009661283
0.01153297
0.005780977
0.01329288
0.2343111
0.05724462
0.3783469
0.9708183
0.7946983
0.0541041
0.06326254
0.08831519
0.128575
0.175997
-0.02034743
-0.01121839
-0.03397718
-0.04395793
-0.09296504
-0.04231485
0.8148787
0.8603161
0.9389837
0.812204
0.008614091
-0.01358572
-0.009154815
0.08971877
0.2312423
0.1638426
0.09054059
0.01894562
0.01074844
-0.01909015
-0.01587042
-0.008821252
0.02097497
0.06268479
-0.04603696
-0.0005034775
-0.0008089101
0.005869732
0.007141882
0.03304978
1.021656
0.589416
0.4336654
-0.03053707
-0.02894475
-0.02919338
-0.0337444
-0.008833058
-0.01048986
-0.1478243
-0.05396403
0.03820644
0.02451481
-0.04417963
-0.03581375
0.2294764
-0.006201028
-0.006201028
-0.006201028
0.03292172
0.08675987
0.01486316
0.8855427
0.9945464
0.9758762
0.5148933
-0.007950549
0.03846369
0.04812602
0.04812602
0.1125592
0.03421541
-0.07742954
-0.1172495
-0.008317975
0.01009896
-0.01026768
0.02452215
0.02614955
0.02614955
-0.0004438966
-0.01246221
-0.0136124
0.02631545
0.02631545
0.2438793
0.9437169
0.1910485
0.005110396
-0.004629374
0.01053885
0.01530657
0.01483491
-0.0270415
-0.01609528
-0.009171292
-0.02067894
-0.05370294
-0.01036623
-0.01107086
-0.009872034
-0.04868358
-0.04868358
0.4949964
0.4399845
0.03401148
0.03983265
0.09267522
0.09267522
0.06576232
0.03352554
0.8417117
-0.03397986
-0.01453274
0.002044067
0.01232038
0.01232038
0.01753188
0.01753188
0.01621628
0.01742283
0.01370387
0.01370387
0.03673824
0.2103943
0.01954
0.9035747
0.9035747
0.7113788
-0.03224652
-0.04801221
-0.00724937
0.002823129
-5.149895e-05
-0.008916956
-0.01036383
0.01339098
0.007176478
0.1151804
0.1443674
0.0006767347
-0.005152688
-0.01327055
-0.02179605
-0.006700595
0.0180557
0.9363482
0.1945558
0.2353217
-0.0005075705
0.008424567
-0.003484046
-0.01120971
-0.007990849
-0.0228342
0.2111937
0.2111937
0.2581366
0.05390001
-0.01395009
-0.06142594
-0.07120136
-0.01248388
-0.006639719
-0.04007786
-0.04500088
-0.01277136
-0.01543218
-0.04389004
-0.01571794
0.006486441
0.02945767
0.009289029
0.0006245861
0.002868319
-0.005421279
0.01515394
-0.01800122
-0.02112827
-0.003953942
-0.003953942
0.9443828
0.9936876
0.8790132
0.6572569
-0.0253167
0.03527704
0.0167744
0.02649018
0.01673629
0.03000194
-0.007008754
0.008728113
0.002012358
0.04755697
0.06152676
0.03935003
-0.09340504
-0.0812898
-0.0812898
-0.008833058
-0.004884611
0.01491756
-0.0704322
6.925224e-05
0.02712442
-0.01038996
-0.05831275
0.01530907
0.01660653
0.07405863
0.09413815
0.694027
0.984888
0.9961692
0.9947856
1.001692
0.9998091
0.9961692
0.9961692
0.9961692
0.9961692
0.9927688
0.9917117
1.110485
1.056829
0.989977
0.9304229
0.7654593
0.1403742
0.01352357
0.005064238
0.001043331
-0.00151424
0.01330116
-0.01248388
-0.007810743
0.01224862
0.02216123
0.03241357
-0.006302444
0.005961584
0.01267072
0.003093687
0.03317407
0.005403288
0.005403288
0.007447223
-0.01838202
-0.00653622
-0.03558197
0.489743
0.9284386
0.8546627
0.8491156
0.8491156
0.8491156
-0.03067435
-0.03067435
-0.01523495
-0.009930963
0.021355
0.01411884
0.00516479
-0.01136707
-0.01644179
-0.03455194
-0.05011161
-0.05600561
-0.05011161
-0.04865786
0.767698
0.3347565
0.01270662
0.002034714
0.004809563
0.001480591
0.01459537
0.004679208
0.004878072
0.3540715
0.6900872
0.4042116
1.053207
0.9802156
1.007612
-0.01253456
-0.002242521
0.04756573
-0.00801518
-0.00801518
0.001199093
0.1425412
0.009737798
0.01357687
0.008417766
0.03726803
0.05553549
0.02387081
0.03776253
0.03474584
0.3242281
0.6080011
0.771295
0.4300966
0.6520952
0.7526077
0.4958519
0.8437173
0.8437173
0.8392069
-0.0159373
-0.02484339
0.5669925
0.1229707
-0.0548147
-0.09325577
0.2208608
0.175888
-0.06339001
-0.06339001
-0.07108651
0.003222347
0.003222347
0.0217998
0.03959128
0.01901309
-0.007390704
-0.04037892
-0.01994307
-0.01764286
-0.01764286
-0.07273668
-0.02876083
-0.003492737
0.02105191
-0.01668117
-0.01668117
-0.01249492
0.02406301
0.01372758
0.02047162
0.01283131
0.01283131
0.01343658
-0.002742588
0.01447594
0.01447594
0.018721
0.01313361
0.2057554
-0.0194269
0.9223433
0.8513666
-0.01274928
-0.007856499
0.0002816084
0.08189111
0.04661134
0.1167622
0.2641977
0.2641977
0.3212534
-0.01411095
-0.02574838
-0.02754224
-0.02754224
-0.0600683
-0.03421607
0.115828
0.2306484
0.2648059
0.2648059
0.2767345
-0.02589608
-0.0296659
-0.0296659
-0.06136255
-0.08519296
-0.06552733
0.1759299
0.310747
0.3057199
0.1537575
0.2565614
0.1537575
0.2183817
0.1288139
0.1288139
0.2488085
0.2488085
0.2197438
0.1242762
0.1537575
0.2183817
0.1288139
0.1288139
0.2488085
0.2488085
0.2197438
0.1242762
0.1537575
0.2183817
0.1288139
0.1288139
0.2488085
0.2488085
0.2197438
0.1242762
0.1537575
0.2183817
0.1288139
0.1288139
0.2488085
0.2488085
0.2197438
0.1242762
0.1537575
0.1537575
0.1537575
0.1537575
0.1598762
0.1160031
0.1293123
0.07329247
0.2485535
0.7715125
-0.0249126
-0.00346415
-0.00346415
0.01525436
0.02567072
0.06087973
0.03188591
0.02091253
0.01298285
0.01298285
0.04043055
-0.04889261
-0.0512345
-0.03043212
-0.03272616
-0.05551325
0.04864289
0.1144505
0.08340528
0.1144505
0.3008913
0.7362214
0.6529643
0.6844132
0.83639
0.9199855
0.469578
0.2415698
0.2645381
0.5788506
0.2645381
0.387859
0.4873978
0.2220071
0.1547015
-0.03034577
-0.1016979
-0.09283018
-0.06758672
-0.06750578
-0.06555028
0.01343827
0.9465104
0.02052826
0.0007151062
0.01590449
0.08948214
0.01333079
0.01182249
0.009466243
0.01932932
0.01932932
0.01749456
-0.001435401
-0.003982247
0.0144798
-0.003982247
-0.0927404
-0.0927404
-0.09197945
-0.08094622
-0.008044018
-0.008044018
0.07566414
-0.06267677
-0.0634263
-0.0370299
-0.02607954
-0.02607954
0.06688043
-0.002338447
0.0112567
0.09610801
0.9533889
0.9154878
0.9925047
0.8677236
0.2500158
0.5214947
0.9345287
0.7748865
0.7820169
0.9427325
0.9805321
0.6779209
0.2106786
0.2348559
0.0231126
0.1826991
0.001775921
0.9409202
0.9839301
1.043843
0.2220194
-0.008200973
0.01133729
0.02256649
0.02232727
0.02232727
0.0580936
0.08947631
0.08931932
0.4277574
0.005750112
0.003081995
-0.01385344
0.003921622
0.01350322
0.01350322
0.0006441853
0.003145986
0.002912129
-0.0004217845
0.7842272
0.7860477
0.5573256
0.9293136
0.9563904
0.7979926
0.001215903
0.003721699
0.004116099
0.004116099
0.005859296
-0.008368599
0.1849808
0.9508472
-0.01651543
-0.0321964
-0.02046701
-0.02471813
-0.02350741
-0.02457817
0.719634
0.9781437
0.9781437
0.9781437
-0.01038548
0.03409756
0.001723782
-0.05908066
-0.08061725
-0.1131501
0.2758218
0.9830549
0.9915815
0.9955601
0.9915815
1.011099
1.007619
0.9995907
0.9880313
0.01367207
0.01127088
0.0191372
0.0145221
0.1476166
0.3113799
0.9615286
0.9220174
0.4677275
0.5575482
0.8700179
0.4993702
0.1243365
0.08570093
0.02124439
0.05001367
-0.0007046253
0.2527146
0.7137552
0.7137552
0.7990007
0.08669547
0.02452882
0.01201022
0.01538321
0.02397087
0.01898609
-0.0004910518
0.01054719
0.008457391
0.8794046
1.082966
0.9916584
0.9457208
0.8780635
-0.04189575
-0.0369974
-0.02890136
-0.02842507
-0.02595568
-0.009108497
0.7721682
0.9213153
0.9723497
0.1247796
0.2068074
0.1548275
0.2044707
0.1268708
0.1704498
-0.02337166
-0.07141429
-0.09726018
-0.02749849
0.0155835
-0.05125067
-0.0325032
-0.0325032
-0.01785113
0.004635547
-0.001120697
-0.003423625
-0.005833186
-0.03559413
-0.03268264
-0.02493517
-0.04166392
-0.02062863
0.02058574
0.008665638
-0.0006209779
0.4722162
0.0128001
0.03968493
0.5265002
0.3545501
0.4395316
-0.01096581
0.07501643
0.04755697
0.06282354
0.09614704
0.1281123
0.06196296
-0.05761265
-0.08382912
-0.07072797
-0.05553263
-0.0539637
-0.05036554
0.03085303
-0.007858905
0.002672202
0.01328869
0.01328869
0.0111899
-0.01036623
-0.002523565
0.0169018
0.1006892
-0.001226187
0.005567092
0.006171196
-0.01542433
-0.01278979
-0.008255828
-0.01081658
0.008608971
0.04601649
0.2778849
0.9833259
0.1680752
-0.0172716
-0.09144459
-0.07078406
-0.06886276
-0.09043311
-0.08196957
-0.07123796
-0.04746447
0.0008047446
0.01721618
-0.02433115
0.40612
0.4854074
0.2569956
0.2787586
-0.01626791
-0.01271288
-0.0002663161
0.01319218
0.01573049
0.01806974
0.01221421
-0.002033187
0.0002480102
-0.02906937
0.6788657
0.294439
0.1598824
0.1841453
-0.03235153
-0.02948815
-0.008940068
0.002461816
0.03534238
-0.06269277
-0.07820035
-0.08648802
-0.08645976
-0.09891911
-0.0242878
-0.03616243
0.7196611
0.5634985
0.4903552
-0.08257394
-0.03548283
-0.02636599
0.09557771
0.09323517
0.3543661
0.9909236
0.9476867
0.2730797
0.1756123
0.3230867
0.3230867
0.01121958
-0.04666572
-0.01803376
-0.04960352
-0.01803376
-0.009501227
-0.009501227
-0.009501227
0.01121958
0.06434578
0.03774693
-0.02581108
-0.02581108
-0.01837924
-0.05792387
-0.05792387
0.02841756
0.02841756
-0.01102985
0.8503366
0.765355
0.8199453
1.059995
1.073277
0.943017
0.943017
0.9839018
0.01841271
0.00492047
-0.03016438
-0.01101567
-0.01101567
0.02695624
0.4998739
0.9669056
0.9447688
0.8656083
0.9175705
-0.0782043
-0.0159373
-0.001600457
-0.0192025
-0.02369035
-0.02369035
0.5610815
-0.01788612
0.009846179
0.01121958
-0.02885923
-0.02346048
-0.02346048
-0.01380288
-0.01623827
0.06324228
0.09495036
-0.05746066
-0.02588482
-0.04909265
-0.1046797
0.1245632
0.1245632
0.1960779
0.1050298
0.08607618
0.08607618
0.4044229
-0.01016243
0.1114283
0.09049959
0.0729508
0.0547121
0.08501977
0.003429912
0.003429912
0.02506766
0.02506766
0.05803933
0.05803933
0.1059654
0.1112649
0.1112649
0.119041
0.1486342
0.09736984
0.04498976
0.02507893
0.007182763
0.01741723
0.07891599
-0.02540713
-0.008249038
0.3486052
0.08851939
-0.006824507
-0.005617794
-0.02519536
-0.02265452
0.1165482
0.1333851
-0.002268694
-0.01725677
0.5873214
0.8026318
1.034818
-0.0236145
0.03420647
0.08480961
0.08656328
0.1612043
0.04349113
0.04349113
-0.01584847
0.03020306
0.03817854
0.03203534
0.06313131
0.09348915
0.1060183
0.02068666
0.01072471
-0.07993853
-0.07815338
-0.07060533
-0.07864837
-0.08790518
-0.08805091
-0.08805091
-0.08983332
-0.01843869
-0.01843869
-0.01864543
0.0007782957
0.09809591
0.09809591
0.2331843
0.04231851
0.06103459
0.0181798
-0.02441574
-0.02441574
0.003559739
0.7602157
0.8291034
0.8720831
-0.01612915
-0.01612915
-0.02818536
-0.04029882
0.04103161
0.05433505
0.08951402
0.03533516
0.05183668
0.08899803
0.1024943
0.1994607
0.4090856
0.1520048
0.2126469
0.3381987
0.960886
0.07374753
0.09015133
0.09015133
0.09015133
0.103157
0.1119542
0.02051238
0.02051238
0.09495036
0.07926423
0.0453512
0.02975748
0.02840206
0.3838404
0.9504092
0.5873427
-0.002128561
0.05746518
0.01322025
0.09141403
0.07411791
0.03111047
0.01834338
0.01003235
-0.02172616
-0.008960153
-0.01091723
-0.01437961
-0.01521283
-0.008094479
-0.03989217
0.003469934
0.001631951
-0.007047572
0.002829454
-0.03644681
0.01070134
0.6278979
-0.002095399
8.937023e-05
-0.01606259
0.02130239
0.05239478
0.02942251
0.02942251
0.02942251
0.02942251
0.02904481
0.0009545448
0.004648791
1.032794
1.035296
1.032794
0.946979
0.9882766
0.3420208
0.126677
0.126677
0.6549811
0.9111358
0.04955801
0.02897342
0.02077942
-0.006032575
0.08469519
0.1141666
0.001937458
-0.002917431
0.09240547
0.1278319
0.10978
0.06379196
0.007018804
0.0118695
0.002516246
0.01206656
0.1211303
0.07576202
0.1606105
-0.06156802
-0.04643894
-0.03390785
-0.03754318
-0.03458769
0.00960418
0.00960418
-0.004486305
-0.002167956
-0.003599626
0.001739143
0.01734727
-0.001336582
-0.005370544
-0.000814276
-0.003318247
0.00590114
0.8974041
0.9704697
0.9640709
0.9209287
0.8942363
0.9275672
0.9082568
0.8404408
-0.0834828
-0.04241754
0.09907347
0.0472724
0.02845653
0.05284658
0.02904022
0.02083157
0.02361284
0.01880731
0.01365683
0.01148755
-0.008236903
0.005256313
-0.02326949
-0.01895483
-0.01676105
-0.01275436
0.004989064
-0.03462663
0.2319621
0.02640343
-0.06543788
-0.05631517
0.6944312
0.859737
0.6831967
0.6884902
0.7192735
0.5429149
0.8763843
0.03957899
0.07495005
0.0905785
-0.008626821
0.01324511
0.01619933
0.06407922
0.03090231
0.02159266
0.004598405
0.8142205
0.8142205
0.02843781
0.008917654
-0.001072427
-0.005639773
-0.006040391
-0.008893007
0.737532
0.9952951
0.9987343
1.001876
0.9830549
0.4418965
0.04952829
0.01237925
0.006567695
-0.003330504
-0.04745641
0.06978246
0.03940801
0.03566192
0.02393026
0.0004346638
0.9487919
0.5762962
0.6759406
0.005320538
0.00705451
0.001997249
0.001877691
0.001877691
0.005272272
0.1142751
0.1489954
0.160735
0.08388273
0.03533516
0.03418028
-0.01672487
-0.05225738
0.06498166
-0.01537865
-0.01431353
-0.002580271
-0.02718994
0.0584055
0.0460805
0.01106458
0.0323174
0.01478257
0.02037899
0.01293373
0.01315181
0.002602961
0.008110519
0.008110519
-0.00396382
0.2732396
0.740831
0.733947
0.9903167
0.9650903
0.01157732
0.0418692
0.03767432
-0.01221413
0.005531105
0.005246513
0.1021367
0.01799854
0.01306144
0.02944998
0.004101276
0.008242771
0.0700526
-0.02489195
-0.01706738
-0.01706738
0.02776758
0.02628548
0.0002115173
-0.0008143726
0.03628254
-0.04364675
-0.05383953
0.005434566
0.009430661
0.01535562
0.01430436
0.005476017
-0.007873526
-0.04305019
-0.01701968
0.9154386
0.9154386
0.9362729
0.9252203
0.8267941
0.784084
-0.0213637
0.02075997
0.01214538
0.01373477
0.01276119
0.01759292
0.01156006
0.01038297
-0.0008802295
0.002846405
0.0004907467
0.0004907467
-0.009157196
0.0672737
0.08817192
0.03829177
0.01927414
0.03622489
0.07005773
0.03958229
0.0500844
0.01229936
0.9575221
-0.007351717
-0.0251134
-0.0251134
-0.0251134
-0.04030243
-0.01427801
-0.008214186
-0.008214186
-0.008535399
0.01356715
0.1034613
-0.09661261
0.8176525
0.8556551
0.845442
0.2613819
-0.01120971
0.0134648
0.01481938
0.01201085
0.01388083
0.03154258
-0.001468741
0.9195445
0.874099
0.8272248
0.8664138
-0.00151713
0.05892064
-0.001771392
0.01232176
-0.003568156
-0.008486691
-0.07752299
-0.05108643
-0.008898938
-0.003769442
-0.002003893
-0.002003893
-8.834887e-05
0.4374955
0.01125753
0.02708158
-0.008223821
-0.009203705
-0.00582852
-0.01237276
-0.1067611
-0.0224993
0.5467279
0.03534315
0.1536041
0.1150793
1.000811
0.01279351
0.008493398
-0.01422387
-0.01553817
-0.0689934
-0.07727822
0.5829324
-0.0560115
-0.08943667
-0.06141096
-0.06141096
-0.09810039
-0.002235243
-0.01968598
-0.0611095
-0.06273442
0.009588481
0.01308583
0.001202533
0.01738303
0.01880399
0.02555223
0.03435651
0.09454544
0.006589018
-0.00756273
0.05631132
0.08091537
0.02220474
0.01217285
0.01377492
0.02062726
0.01825166
0.01825166
0.07426346
0.01846114
0.1957534
0.4655043
0.5961013
0.02927629
0.01162597
0.01203672
0.01429596
0.006226802
0.005637546
0.03336116
0.03336116
0.04862019
0.02385213
0.2084126
0.05768429
0.0906881
0.02326913
-0.01284367
0.001778062
-0.08818759
-0.04970973
0.001960041
0.001960041
-0.001663086
0.01693377
0.8000928
-0.03823848
-0.01241149
-0.007411317
-0.008050293
0.002658413
0.0007795988
0.5401728
0.9968535
-0.007172551
0.005646421
0.2720467
-0.02487166
-0.03134636
-0.03134636
0.7200109
0.7327097
0.5091785
0.9930746
0.9130469
0.9587325
-0.00334899
0.05151611
0.1150304
-0.005108145
0.005068577
0.001124122
0.4239359
0.3066685
0.1808831
0.9896722
0.03213823
0.08032709
0.06831403
0.06831403
0.03018957
0.02857701
0.01273695
0.01101417
-0.009285335
-0.01248388
-0.01260294
0.8661783
-0.02547445
-0.0003834981
-0.001137971
-0.000777763
0.003328734
0.003328734
0.0008917511
0.02223382
0.02407189
0.01844206
0.000667925
0.02988117
0.00214626
0.02065613
0.00214626
0.001349548
0.01634406
0.01680551
0.02501808
0.01734113
0.04294888
0.05906018
-0.04590665
-0.08656586
-0.04541172
0.03620126
0.08101324
0.07778515
-0.06527137
0.008612367
0.02790224
4.784471e-05
0.0001918093
-0.005523157
-0.01102237
0.6719586
0.4628797
0.7376927
0.660993
0.03885042
-0.0551418
-0.01844796
-0.0144977
0.001172736
-0.0364311
-0.0172859
0.01427822
0.03712838
0.01246461
0.06285063
0.02437385
1.054899
0.9825595
0.05264733
-0.0228191
-0.0680462
-0.0220468
-0.03372147
-0.03372147
-0.02875354
-0.05397059
0.06291272
0.09058644
0.2565857
0.06970431
0.05556468
0.08054698
0.07584772
0.01254222
0.05647328
-0.005709429
-0.005709429
-0.03095481
-0.019654
0.08876501
0.2145251
-0.019654
-0.007284052
0.05264733
0.04500211
0.1034051
0.05593586
0.02086889
0.004012394
0.004012394
0.02729515
0.03072598
0.03351774
0.02100112
-0.007707466
0.7905697
1.01444
1.014921
1.013096
0.9803451
0.972884
0.9156679
0.2570634
0.04946508
-0.04538397
-0.04538397
0.04725543
-0.03323315
0.0314485
0.005973399
0.01472125
0.01793395
0.02511281
0.02511281
0.01671205
-0.004916044
0.3375236
0.3365825
0.04641381
0.1297568
-0.1477909
-0.06321561
-0.08119948
-0.0946306
0.01653641
0.0366525
0.0485675
0.002600498
0.0007257878
0.006547892
-0.03550334
-0.04376051
-0.03528002
0.03175587
0.1694111
0.1694111
0.542299
0.7904414
0.7642702
-0.03783963
-0.03783963
-0.0006855901
0.03501272
0.02199111
0.03136016
0.01594704
0.02745985
0.02527517
0.02352835
0.07036304
0.04651125
0.04651125
0.04430122
-0.01067429
-0.007992326
-0.01347324
0.06151979
0.4310044
0.2351883
0.2351883
0.5248705
0.01146104
-0.01982219
0.01484469
0.005517079
0.005517079
-0.03962092
-0.03962092
-0.01716889
-0.04931457
-0.02737329
-0.06206638
0.0842289
0.08476893
0.1500518
0.1500518
0.1564626
0.03116976
0.03116976
0.163047
0.1068232
0.1874305
0.0280245
0.07454899
0.05032748
-0.01533889
-0.01533889
-0.01885797
0.8623689
1.015979
0.9660489
0.9922147
0.2311147
0.04978515
0.01034803
0.003287459
0.002634496
0.003067765
-0.002096454
-0.02083121
0.8293779
0.685485
-0.03401187
0.01765784
0.02058574
-0.006043763
0.007283597
-0.007395482
0.2852578
0.7579832
0.5657894
0.403826
-0.03200605
0.006671356
-0.02073928
0.0178143
0.02140687
-0.05187027
-0.08330304
-0.01229402
0.02046641
0.1272609
0.1059102
0.5051116
1.018163
1.000185
1.000185
1.00032
0.7717602
0.06060641
-0.001834741
0.06060641
-0.05938827
-0.06527137
-0.01689199
-0.03896418
-0.04156208
0.02221224
0.02516401
0.01977699
0.01977699
0.01818233
0.01745573
0.01039368
-0.0312194
-0.006484839
-0.006484839
0.01408806
-0.002527604
-0.0146357
-0.0146357
-0.0146357
0.6300131
0.9692988
0.8623605
0.9039021
0.01518537
0.01082152
0.01009168
0.01486238
0.00630381
0.01318853
0.05974611
0.002041081
-0.03671164
-0.02337546
-0.02337546
0.01054381
0.9425053
0.009864399
0.01429465
0.0540504
0.04313977
0.07069657
-0.02866724
-0.01371377
-0.005812596
-0.005812596
0.004787775
-0.0265462
-0.0265462
0.02153269
0.007675647
0.00760827
0.0002577582
0.0007923123
0.6919835
0.6919835
0.01085359
-0.03927616
-0.03276667
0.04774141
0.3208843
0.7275934
0.1894999
0.04461454
0.009709162
-0.02415444
-0.01324854
-0.03874058
-0.03874058
-0.03874058
-0.05011218
-0.03576984
-0.03576984
-0.001395335
0.04193002
0.1084185
-0.05573123
-0.02681865
0.002616646
-0.001065878
-0.00517916
-0.005694391
0.007430594
0.01183734
0.02397897
-0.04134455
0.03116567
0.04651679
1.015979
0.9922386
1.015879
0.01452857
0.02702686
0.009598897
0.02304248
0.01949993
0.01965707
0.01393038
0.004274479
0.001658937
-0.04288305
0.03603004
0.05521955
0.06514977
0.01584176
0.01007209
0.004571087
-0.002242876
-0.007855499
-0.005149555
0.1866919
1.01347
1.015979
1.015979
1.015979
1.017834
0.7013837
0.04564967
0.03954696
0.0234608
0.0234608
0.07398989
0.06622604
0.08070404
0.01663143
0.09219871
0.09219871
0.05604106
-0.009810406
0.330675
0.0213047
-0.04171082
-0.04171082
0.03600361
0.05170814
0.1591228
0.01923033
0.01923033
0.01923033
0.01107602
-0.0004262696
-0.04553446
0.08316915
0.03212059
0.02397897
-0.04134455
0.03116567
0.04651679
1.015979
0.9922386
1.015879
0.01452857
0.02702686
0.009598897
0.02304248
0.01949993
0.01965707
0.01393038
0.004274479
0.001658937
-0.04288305
0.03603004
0.05521955
0.06514977
0.01584176
0.01007209
0.004571087
-0.002242876
-0.007855499
0.0127684
-0.002408058
0.01282342
0.000953816
0.000953816
0.000953816
1.017834
0.7013837
-0.005740878
-0.006043763
-0.01159939
-0.02023129
-0.000267308
0.01348173
-0.04491636
-0.03200605
-0.0379079
-0.02648521
-0.04075831
0.01454377
0.03057764
0.009171046
0.01358893
0.01358893
-0.02932922
-0.02932922
-0.02977154
-0.02030054
0.07857331
0.09020209
0.07116901
-0.03903669
0.02759927
0.04720155
0.07782029
0.03650831
0.04665256
0.05203754
0.0945668
-0.01141035
0.2601537
-0.0225216
-0.003870717
-0.003870717
0.00624446
0.004688741
0.004589926
-0.04129525
-0.06340906
-0.07289202
-0.09247553
-0.00161275
0.03411222
0.01680625
0.01680625
-0.001065878
-0.01418323
-0.03335567
-0.03327451
0.002445537
0.0610493
0.1471788
0.09868699
0.04702948
0.01889356
0.1452203
0.8834963
1.078142
1.037123
1.019642
0.7375062
0.06269322
0.00890649
0.04043348
0.01402814
0.02803416
0.01657326
0.003455779
-0.009225399
-0.007937769
-0.06297506
0.5583554
0.5514487
0.2806364
-0.06522696
-0.003642133
-0.00292731
-0.04086458
-0.04803076
-0.04835311
-0.00400768
1.042872
0.9156077
0.004841549
-0.04924406
-0.03963835
-0.005748242
0.1285922
0.004892192
-0.0005131837
0.01052279
0.01025103
0.00215691
0.01457434
0.01457434
-0.004620223
-0.03065643
-0.005517666
-0.006839296
-0.006839296
0.003767997
0.00298622
0.002554166
-0.008717446
-0.00809724
-0.0143341
0.6595697
0.1447605
0.00489223
0.00489223
0.01071089
0.0005407617
-0.01500209
-0.001972852
-0.03259759
-0.03113417
-0.03427527
0.002034714
0.002034714
-0.03860856
-0.01861672
0.01146483
0.01445123
-0.05623298
-0.03614954
-0.03466053
-0.02406746
0.1543915
0.07376548
0.3528811
-0.05434881
-0.02896412
-0.02017885
-0.1525714
-0.1255333
-0.1255333
-0.009697649
-0.0003099513
0.004166366
-0.0003525095
-0.009122132
0.01588267
-0.001642217
0.0261124
-0.002371892
-0.02102445
-0.0169453
0.1008021
0.03070807
0.121477
0.04253509
0.01974091
-0.08500837
-0.03555766
-0.04745791
-0.07565966
-0.05435247
-0.07468674
-0.04307872
-0.09081901
-0.03647243
0.003770048
0.008438454
0.009101514
-0.01520054
0.01553601
0.01061971
0.01214017
0.00907378
-0.01952286
-0.03687705
-0.08866125
-0.1084181
-0.07450169
-0.08420921
-0.08604025
0.1045528
-0.01901026
0.04217019
0.05788885
0.1375528
0.1587025
0.2058214
0.1587025
0.9869307
1.005461
1.03332
1.047037
1.018012
1.039401
0.9860978
0.5051865
0.4090308
0.1647854
0.2058214
0.2058214
0.1371084
0.2058214
0.2058214
-0.01826942
-0.01960974
-0.01960974
-0.01960974
-0.01801878
-0.02272427
0.7315268
0.7315268
0.6110211
0.8770799
0.8266724
0.7367238
0.8266724
0.1043283
0.07904514
0.04611679
0.1369407
0.1107126
0.06750328
0.4281873
0.5866244
0.9518091
1.046109
0.8149914
0.8149914
0.7892926
0.6383501
0.6383501
0.6383501
0.8460171
0.3139246
0.2212591
0.7014568
0.3754444
0.3754444
0.7014568
0.8149914
0.003586237
0.1007706
0.1052903
0.1192925
0.1192925
0.1142962
-0.01176364
0.478226
0.8648952
1.047037
0.04993119
0.04993119
0.04590846
0.116949
0.116949
0.1074821
0.3754444
0.7014568
0.8149914
0.003586237
0.04993119
0.04590846
0.116949
0.116949
0.1074821
0.3754444
0.3754444
0.8083891
1.036724
0.07759847
0.07759847
0.06761189
0.1420839
-0.03390978
-0.02407559
-0.03633459
-0.03366644
-0.01392125
0.004985197
0.009364181
0.005571789
0.07254777
0.005571789
1.050016
1.050016
0.9501052
0.9544923
0.1756123
0.5410081
0.6442637
0.5897778
0.183892
0.2944397
0.6147618
0.04580686
0.04580686
0.06141734
0.06410591
0.08283926
0.06307292
0.2639968
0.3319106
0.2639281
-0.01065986
0.1208768
0.1290728
-0.005639773
0.001831417
0.003760398
0.09910663
0.1584729
0.1119562
0.007043737
-0.01461838
-0.002222584
0.004399787
0.0083908
0.044978
0.05365805
0.03413542
0.03413542
0.06961604
0.05231131
0.06555949
0.01006888
-0.02854142
0.7438452
0.9309945
-0.01135648
-0.02989099
-0.04774766
-0.04521256
-0.05421518
-0.06594145
-0.06594145
0.04308778
0.01554642
0.005132573
0.01884913
0.01385725
0.03628388
0.02387081
-0.001203778
-0.02186203
-0.004661375
-0.004661375
0.07691462
0.1477812
0.1477812
0.2295772
0.2784562
0.1863551
0.08610196
0.08610196
0.02465317
0.04212557
0.02465317
-0.00744434
0.004617923
0.01777112
0.0547972
-0.03254459
-0.01970649
0.01777112
0.00895638
-0.00421879
-0.00421879
-0.00421879
-0.007327254
-0.007327254
0.03216608
0.03216608
0.03216608
0.09093177
0.1155983
0.03216608
-0.008674203
-0.01266082
-0.01266082
0.08418208
0.0102113
0.02961668
0.0760049
0.1558482
0.165826
0.09783222
0.09262822
0.07166927
-0.007578815
0.007457981
-0.02058461
-0.01620723
-0.01389972
-0.01389972
0.03365466
0.003612961
0.003950038
0.003950038
-0.008535399
-0.002054801
0.1034613
-0.07597521
-0.05078054
0.7652034
0.7947206
0.2129678
0.5687482
0.8849711
0.8849711
0.8914137
0.8342359
0.06361185
-0.01730323
-0.1136945
-0.00151713
-0.0168215
-0.003760908
-0.01091723
0.007500286
0.04936646
0.1844249
0.04974139
0.02951852
-0.02828329
-0.02828329
0.02503363
0.5054155
0.100871
0.100871
0.1659912
0.8753597
0.08150472
0.09038999
0.01927615
0.01927615
0.02739028
0.02004016
0.0112549
-0.00969982
0.5975175
0.9737105
0.9838164
0.8494714
0.7020095
0.925963
0.02177925
-0.0489882
0.03350848
0.001610392
0.004751013
0.01176635
-0.03051452
-0.01062859
-0.01062859
0.1442655
0.1888242
0.1593763
0.4400555
0.7939699
0.9791969
0.8807495
0.8263998
0.9491896
0.08042215
0.008340053
0.01314282
0.01210233
0.01592195
0.01698695
0.01638413
0.01437214
0.01025932
0.01763158
0.0435148
0.02068942
0.02068942
0.03969178
0.02457712
0.04602945
0.01445123
0.01600837
0.00421779
-0.0370763
-0.03036647
-0.01651571
0.8364584
0.9289427
1.012587
1.002162
0.6411722
0.6705209
0.6619417
-0.009537565
0.02481524
0.07417446
0.03242475
0.04124763
0.05054484
0.03509638
0.03321271
0.01535147
0.008792238
0.0223836
0.008457391
0.008457391
0.008457391
-0.0002221236
0.001442206
-0.01213754
0.006181288
-0.0167221
-0.03452229
0.01619434
0.02429384
0.03436814
0.01832984
0.01832984
0.05177494
0.107177
0.008221846
0.6740655
0.05029217
0.08403773
0.0946963
0.0004694393
0.009471
0.01444754
-0.01351419
0.01784305
-0.005194898
0.5871806
0.8726178
0.1334991
0.02042545
0.004177691
0.1951939
0.1994607
0.06055332
-0.01122882
-0.04708305
-0.01344297
0.07915301
0.1450694
0.8497788
1.101848
1.042165
0.976252
0.01557236
0.01342228
-0.008088824
0.01902458
0.01257475
0.02726852
0.03888987
0.1109763
0.02402931
0.02402931
0.01529158
0.007846242
0.007507713
0.008563625
0.006655552
-0.01779548
0.006655552
0.002465457
-0.013052
-0.01388724
-0.008154134
-0.1595064
-0.04793795
-0.03957645
-0.02935109
-0.03793112
-0.04725295
-0.01920136
-0.01920136
-0.02430311
-0.0004969198
0.473167
0.473167
0.9977887
1.010485
0.9281922
0.473167
-0.002504458
0.005952515
-0.00112813
-0.0007478855
0.08106705
0.07707717
0.05314542
-0.004334966
0.02341478
-0.0001093433
0.01742193
0.01346626
0.02098748
0.02283062
0.001601009
0.003000731
0.7556632
0.3547108
0.9770776
0.9955069
1.041963
1.030284
1.014124
-0.00657909
-0.04054936
-0.0197575
-0.02440298
-0.02086219
-0.02636636
0.9414058
0.1051397
0.01347045
0.007585546
0.00871645
0.09698
0.03292172
0.9564324
0.04696053
0.147429
-0.02006103
8.937023e-05
-0.01368137
-0.01668726
0.768784
0.1357769
0.1243365
0.3337485
-0.0190542
0.007224958
-0.0165051
-0.009851308
0.001076682
-0.001111498
-0.001111498
-0.004546164
-0.007037654
-0.04359476
-0.03137565
-0.01019186
0.01256177
-0.002668858
0.02664698
-0.009585114
-0.004517419
-0.002020135
0.07355225
0.02663141
0.6962111
0.09221266
0.08640981
0.03116679
0.4600744
-0.05120027
0.1509055
0.1509055
-0.003133962
0.0007198713
0.005396367
0.004976426
-0.008008691
-0.09916616
0.04238677
-0.00406902
0.02610951
-0.02296632
-0.07429506
-0.03814159
-0.04582918
-0.0126762
-0.01610462
0.03682531
0.04018581
0.03162763
0.03070013
-0.001336261
-0.001414196
0.5615257
0.4352971
0.1555037
0.008457391
0.02064978
0.02099883
0.04110818
0.01976316
0.01037778
0.04942507
0.01037778
0.01837851
-0.009916158
0.009238838
0.02863421
0.05744185
-0.03123259
0.6217448
0.9736705
-0.01668873
-0.0004737408
-0.02768562
-0.0153341
-0.01465461
-0.004694115
-0.01709696
-0.01299525
0.5674629
0.3534327
0.9038357
0.8997853
1.021861
0.5695207
0.747735
0.347611
0.08574994
0.09253941
0.04591224
0.02828657
0.0138221
-0.08030168
-0.08800769
0.2219316
-0.05334216
-0.07019057
-0.05898813
0.0110384
0.004335699
0.003456997
0.01370387
0.0562659
0.04587782
-0.008658218
0.01657281
0.01187314
0.02099883
0.07903947
0.1436862
0.00598099
0.02557501
0.0436934
0.09247848
0.07883636
-0.02363393
-0.0004499434
-0.008745568
0.9247016
-0.01524969
0.005565218
-0.01038622
0.02267352
0.0119494
0.007689416
0.01277298
0.006421341
0.02017841
0.06483927
0.04281954
0.3647423
0.1801822
-0.02396581
0.1343661
0.940862
0.9504934
0.9504934
0.8059717
0.8601986
-0.009614122
0.002667697
0.002667697
0.006064779
0.08860654
-0.03454227
0.7345248
0.8569817
0.5118245
0.1720132
0.7484953
0.855708
0.8606214
0.8980947
0.9217489
0.9542603
0.7343338
0.9031483
0.2811105
-0.08433402
0.07059883
-0.05822022
0.539975
0.5142642
0.03542483
0.7081101
0.3542319
0.3542319
0.03355635
0.04340765
-0.009290485
0.02799813
0.03702207
0.0345195
0.01340813
0.01794176
-0.002650565
0.005835799
0.02185994
0.03202873
-0.01056275
0.06087973
0.01974128
0.0006876562
-0.001567689
-0.001567689
-0.01370015
0.03786657
0.03863703
0.08464263
0.0270481
0.02302129
-0.02684624
0.3938426
0.569096
0.8555416
0.6725815
-0.05938827
-0.05938827
0.1089449
0.08952322
0.04132284
0.03110128
0.03110128
0.01251239
0.9863996
0.7983327
0.2778552
0.3043368
0.04740423
0.05794962
0.0737975
0.0927152
-0.06918918
-0.07532562
-0.02966846
-0.02597562
0.009414615
0.01512635
-0.004566516
9.230845e-05
9.230845e-05
0.00180773
0.1724156
0.7402342
0.9560818
0.9560818
-0.01258888
0.1175306
0.1009023
0.09689421
0.09689421
0.1161207
-0.007232847
0.004751057
-0.008608275
-0.02349984
0.04705883
0.04804698
0.04804698
0.04181427
0.06384564
0.02996865
0.000851593
0.000851593
-0.04275507
0.7362214
0.1063743
-0.01474339
-0.01113791
0.03953659
0.04575448
0.05346746
0.01771504
-0.04725295
0.006704818
-0.05869195
-0.08941535
-0.08941535
0.02365084
0.00885304
0.03449097
0.04572458
0.05001923
0.02845019
0.0017913
0.003809171
0.6354415
1.034529
1.013472
0.001064888
0.009865456
0.0265658
0.05753663
0.05753663
0.02845019
0.009462073
0.008881265
0.03330568
1.069124
0.9643443
0.7703789
0.7703789
0.7978732
0.361165
-0.02475971
-0.02109514
0.02020149
0.07901676
0.1050269
0.02635342
-0.01055131
-0.007351717
0.740627
0.9692152
0.9953899
0.2974526
0.6041717
1.024156
0.8310128
0.8310128
1.003955
1.10069
0.9536575
0.9536575
0.7978732
0.9306925
-0.06304368
-0.06304368
0.05535654
-0.01860461
0.006448849
0.002136763
0.02643618
0.03588257
0.02389072
0.1368229
0.2253264
0.2253264
0.8341677
0.3668215
0.1340447
0.6576657
-0.033357
0.02456328
0.02305442
0.02218252
0.02143098
0.03567135
0.03567135
0.01127088
0.02069181
0.05930684
0.1130867
0.07782029
0.1906266
0.1829726
0.1829726
0.1958995
0.08351243
0.06657823
0.00585798
0.04860464
-0.0239021
0.03723726
0.05208938
0.06661593
0.08122447
0.08122447
0.08692949
0.06629146
0.1507044
0.09775824
-0.002622704
-0.06087367
0.09585502
0.06426598
0.08501056
0.1454744
0.1686105
0.1238048
0.06463913
0.1009889
0.007009668
0.007009668
0.04523416
0.09250501
-0.04164968
-0.03628863
-0.03628863
0.003010822
0.08870856
0.04201331
0.01224157
-0.008188083
-0.1012012
0.01344602
0.01855842
-0.03222491
0.07499374
0.3607867
0.4324417
0.05902613
0.004625757
0.009119135
0.02080216
0.02705396
0.02705396
0.01304995
0.01660081
0.07577736
0.5079351
0.1914086
0.4192401
0.1417999
-0.05280459
-0.03751106
0.03453386
0.1191091
0.1148967
0.1148967
0.1050497
0.1692787
0.009079176
-0.002147216
0.03354121
0.01578711
-0.003064093
-0.03224437
-0.02604986
0.07501643
0.02796379
0.0163161
0.06217924
0.09640362
0.1190775
0.137003
0.1284051
0.1958725
0.1690918
0.2428367
0.1753715
0.1915834
0.15406
0.1139074
0.04995061
-0.04455429
0.01430407
-0.01095161
-0.01095161
-0.02015831
0.004092467
0.004092467
0.08764489
0.1024053
0.07371617
-0.05450218
-0.1197743
0.07371617
0.06167334
-0.02256966
0.06167334
0.0639361
0.09419872
-0.02502166
0.1189215
0.2328745
0.04049955
0.05485403
0.006553884
0.006553884
0.01789799
0.004342436
0.07904514
0.07383035
0.08600364
0.07246133
0.02570434
-0.00841105
0.01142425
0.09141403
0.09141403
0.05904689
0.1124614
0.03569287
0.03569287
-0.08791268
0.03045054
-0.01210247
0.1044714
0.08351868
0.04454933
0.1266953
0.0844553
0.1166823
0.0854948
0.0854948
0.1123945
-0.009410492
-0.02038424
0.1176616
0.005041687
-0.09002613
0.1494774
0.2755175
-0.02671182
0.03767432
0.08418208
0.1357381
0.1879591
0.05373676
0.004042023
0.009094293
0.0008619187
0.005978599
0.005978599
0.3784281
0.0837042
0.002679962
0.0125405
-0.03288547
-0.03288547
-0.04548896
-0.03120143
0.2939367
0.2949427
0.2068074
0.1247796
0.07337612
0.1298525
0.7850902
0.6579843
0.06129307
0.4185237
0.007431132
0.1311812
0.1552941
0.1995299
0.0369467
0.02432245
0.02432245
0.01672316
0.07268967
0.07268967
-0.04548896
-0.02265129
-0.006287176
-0.03012827
-0.01570572
0.01450846
-0.06000859
-0.09713646
-0.05865098
-0.05865098
0.1531902
0.2198512
0.1704199
0.2008435
0.1190775
0.1480459
0.1480459
0.2211974
0.02099064
0.009071716
0.005962827
-0.04169052
-0.02952954
-0.06470646
0.03828927
-0.04369454
-0.03604616
-0.005609298
-0.003760501
-0.003760501
-0.04166392
-0.05985789
-0.008733448
-0.06673091
-0.05985789
0.004241746
0.004241746
0.07586311
0.1103171
0.1066726
-0.005892692
0.07294356
0.03506223
0.04440435
-0.07247484
-0.05502997
0.03807588
0.01385664
0.015138
0.015138
0.009826061
0.009826061
0.009826061
0.05373676
0.04603863
0.04273311
0.07153283
-0.02828329
0.01777794
0.01562348
0.01562348
0.01562348
0.01562348
0.01177551
0.01189636
0.0554748
0.1319331
0.1319331
0.1340463
0.1217093
0.1577447
0.1217093
-0.02283989
0.02463788
0.02463788
0.02463788
-0.009522263
-0.01305352
0.1415627
0.1614945
-0.03046273
-0.03046273
-0.03007011
-0.03007011
-0.0634314
-0.09308628
0.0398944
-0.1107215
-0.008543934
-0.01024632
-0.01024632
-0.01250135
-0.01070288
0.04302593
0.01423562
-0.01284367
0.02841756
0.02994685
0.1199171
0.1673921
0.1018449
0.07451378
0.07451378
0.06428957
-0.003613555
-0.09713514
0.001896149
0.02892162
0.0454418
0.05203731
-0.004720032
-0.004720032
0.02569623
-0.006417407
-0.0004910518
0.005588306
-0.0007944406
0.04302593
0.04302593
0.08535823
0.02101502
0.1169573
0.1740853
0.1465925
0.1465925
0.1097926
0.1572743
-0.0288092
-0.06871094
-0.00682667
-0.03746274
-0.02073928
0.01600837
0.01589621
-0.005716253
0.1172056
0.1105197
0.08338011
0.05896316
0.04272873
0.2243494
0.661
0.661
0.8398091
0.8398091
0.003583527
0.009293633
0.009293633
-0.01253335
0.0009756657
-0.02205433
-0.00451147
-0.006751235
0.003026181
-0.0004262696
-0.01545187
-0.01545187
0.009810673
0.000692175
0.04047104
0.0140909
-0.00111188
-0.04910575
-0.03147136
-0.09002826
-0.09002826
0.02534913
0.08530779
0.2136446
0.2390319
0.2667017
0.2390319
0.2456742
0.2502948
-0.006287176
-0.003165557
-0.04799005
-0.03093255
-0.08234192
-0.03693756
0.1664494
0.1370955
0.0155835
0.02905891
0.08802804
0.0450581
0.03579701
0.0006517165
-0.02172151
0.1157794
0.07990829
0.08275639
0.09767169
-0.02946242
0.00871605
-0.02617984
-0.02589968
-0.04162032
-0.02887141
0.02083485
-0.1168314
-0.1032993
-0.05623298
-0.05059285
-0.03730295
-0.02369356
-0.02369356
-0.04040468
-0.06530153
-0.07360024
-0.08691269
-0.05673344
-0.007518244
-0.07184223
0.02197273
0.01970368
0.007170273
0.007170273
0.009091938
0.04316796
0.02812728
0.0583435
0.04271226
0.0321199
0.0321199
0.1879705
0.1879705
0.0463978
0.08784003
0.06556939
0.09393167
0.04806139
0.08641108
0.02616435
-0.00689458
0.004448698
-0.03386837
-0.05717883
0.0006155674
0.0006155674
-0.07080265
0.03469067
0.03087009
0.01786553
-0.05175463
-0.04877334
-0.04877334
-0.09296504
-0.08770381
-0.002025764
-0.02218301
0.007880126
0.02350399
0.05751983
0.04511277
0.1358063
0.1174666
0.1343304
0.1655209
0.1337036
0.04425669
0.05318434
0.02557545
-0.04520658
-0.02611955
-0.001257203
0.06982449
0.03683734
0.01793393
0.00867058
0.01928414
0.01928414
0.0363998
0.08359734
0.1061423
0.1061423
0.0751673
0.02058468
0.01105255
0.01105255
0.01105255
0.3317775
1.014501
1.03729
-0.02492901
-0.01631631
-0.0170049
-0.02697213
-0.01962234
-0.02292814
0.1061431
0.01973174
0.035572
0.02557825
0.0570971
0.04145544
0.07215719
0.04280957
0.05152014
0.03181704
0.01089519
0.03952518
0.01905202
0.03331131
0.02071919
0.001811954
0.008583326
0.01050924
-0.0499182
-0.06150566
-0.08426411
-0.08426411
-0.0897662
-0.0897662
0.2217795
0.08780038
0.04588876
0.08989062
0.06333991
0.004608776
0.01279725
0.002708809
0.06532105
-0.04922168
-0.05662443
-0.09053908
-0.09626959
-0.0499182
-0.0499182
0.01599102
0.05056391
0.007394613
0.05056391
0.05056391
0.05056391
0.05056391
0.05056391
0.06587801
0.02942251
0.1174666
0.1397978
0.1397978
0.1397978
0.0207746
0.0207746
0.0207746
0.0193947
0.01061971
0.01878666
0.01128643
0.007755275
0.006293042
-0.01682479
0.03060875
0.1099661
0.03060875
0.14157
0.2412352
0.2198512
0.2198512
0.2198512
0.2198512
-0.02491243
-0.05203482
-0.02460139
0.007826044
-0.04091556
-0.04091556
-0.08743739
-0.08416087
0.02813472
0.07963487
0.07963487
0.07888059
-0.06626357
-0.06723322
-0.08070477
-0.02263919
0.01352713
0.008118151
-0.003070002
0.01515439
0.09245585
0.06023348
0.2084897
-0.0773282
-0.05817608
-0.05901019
-0.05850471
0.06587801
0.0751673
0.0327757
0.002799998
0.002799998
0.002799998
0.008769095
0.009317526
0.01717148
0.009933436
-0.04487474
-0.1034172
-0.01153065
0.000959401
-0.01808352
0.01855908
0.09053298
0.03163302
-0.04483933
-0.03118884
-0.02261498
0.01990251
0.0337935
0.0654957
0.04480388
0.02617503
0.03474473
-0.02200417
0.007391532
0.0001803934
-0.02621027
-0.003484046
-0.005693015
-0.0006855901
-0.02223835
0.007707438
0.05647328
0.2488085
0.08040911
0.06640918
-0.04196569
-0.01472261
0.2330989
0.5288135
0.5288135
0.06065291
0.07868887
0.02040862
0.02737053
0.02701538
-0.008714317
0.4155794
0.2951331
0.9526897
-0.02687958
-0.02580355
-0.02185243
-0.009713602
0.0434845
0.03367138
0.01808628
0.01216191
0.02703962
0.02346412
0.003448001
0.001698129
0.03085042
0.05067883
0.2026303
0.2118417
0.2118417
0.2713953
0.8307627
1.014809
1.000402
0.9382924
0.0237096
0.03746763
0.004618161
-0.00908488
-0.01715057
-0.01715057
0.002204002
-0.009971118
-0.006417407
0.03887223
0.02800658
-0.008679726
-0.02010832
-0.02599388
-0.03235153
0.1658765
0.4312433
0.3720312
0.3404642
-0.01716167
-0.01515395
0.01907816
0.05865308
0.08444524
0.08040911
0.1905125
0.09163118
0.07369633
0.005978599
-0.002200862
0.01161226
0.06306652
0.02475595
0.06413358
0.01274463
0.04775833
0.04095855
0.01767752
0.01679758
0.01304138
0.0127684
0.0127684
0.02753987
0.001521582
-0.01885797
-0.02989099
0.00107086
0.01564363
0.01564363
0.4863733
0.28534
0.7662555
0.003679151
0.01292977
0.0902957
0.2026303
0.2026842
0.07559787
-0.01122338
0.007567382
0.034959
0.02873668
0.02236049
0.02236049
-0.008786189
-0.01196792
-0.01126156
0.00315066
0.01253872
-0.005070736
-0.01025379
0.01365823
0.01763686
0.0552954
0.04308778
0.02825456
0.02303079
0.006942683
0.006942683
0.01855842
-0.01177554
-0.03081728
0.261686
-9.936342e-05
0.02486422
0.02408186
0.022262
0.022262
0.01319102
-0.008654453
0.07795678
0.4724735
0.06173313
0.1343304
-0.01173597
-0.02949982
-0.09113041
-0.09501644
-0.1006747
-0.03113966
0.8271261
0.980266
0.9986064
0.7679448
0.8003923
0.7925446
0.05038263
0.04589384
0.2242505
0.3338801
0.3338801
0.09396365
0.07588384
0.0679173
0.1114835
0.03572251
-0.003051076
0.8980876
-0.03371024
-0.1159823
-0.07762886
-0.09378912
-0.1083155
-0.06141895
0.00368358
0.908081
-0.04619369
-0.01902302
-0.01011178
0.2114603
0.1490823
0.06689083
0.0391665
0.01190195
0.005214068
-0.02522803
-0.02120718
-0.009496028
-0.009496028
0.005856187
0.4763461
0.004600682
-0.01160454
-0.01160454
-0.003318247
-0.0003278926
0.001663306
-0.06871094
-0.06871094
-0.0660063
0.04202015
-0.01151495
-0.01495228
0.9489832
0.9458712
0.9456692
0.9874591
0.004148501
0.03751394
-0.001237654
0.007538006
0.01240411
0.02123964
-0.002235243
-0.07479453
-0.04607478
0.07065916
0.05134852
0.06123643
0.07125436
0.1203053
0.0157396
-0.02822375
-0.01458702
0.03072598
0.03072598
0.03072598
0.0689852
0.08838573
0.04047104
0.02666042
-0.01353935
-0.07647869
0.4900588
-0.05365075
0.01441979
0.02914102
0.05590135
0.065104
0.05367481
0.09738094
0.09897104
0.8362758
0.01441174
0.01441174
0.01441174
0.2043519
0.0133612
0.007106302
0.007106302
0.0084111
0.003056994
-0.003538193
0.0480565
0.03194331
-0.02266561
-0.03186047
-0.02896622
-0.04774766
-0.01347073
-0.01102985
0.031529
0.0007094071
0.03075201
0.05682193
-0.0197823
-0.05254325
-0.05148419
0.3430481
0.734187
0.734187
0.99348
0.3248709
-0.02640468
0.01276874
0.1704388
-0.01335953
0.006743504
-0.02578302
-0.02353166
-0.03420575
0.04907559
-0.03356394
0.9279209
0.9300452
0.9395571
0.01574385
-0.03040906
-0.03246057
-0.03609183
-0.03283372
-0.03808708
1.040674
0.9229512
0.9726689
0.9849085
0.9949861
0.982483
-0.0003771047
0.0109849
